tolteca/data/cal/toltec_passband/data/a1100_passband.ecsv
# %ECSV 0.9
# ---
# datatype:
# - {name: f, unit: GHz, datatype: float64, description: The frequency.}
# - {name: wl, unit: mm, datatype: float64, description: The wavelength.}
# - {name: throughput, datatype: float64, description: The throughput.}
# meta: !!omap
# - {name: a1100}
# - {name_long: TolTEC 1.1 mm array}
# - {index: 0}
# - {n_samples: 10059}
# - wl_center: !astropy.units.Quantity
#     unit: !astropy.units.Unit {unit: cm}
#     value: 0.10999999999999999
# - f_min: !astropy.units.Quantity
#     unit: &id001 !astropy.units.Unit {unit: GHz}
#     value: 229.92000000000002
# - f_max: !astropy.units.Quantity
#     unit: *id001
#     value: 330.5
# - f_step: !astropy.units.Quantity
#     unit: *id001
#     value: 0.01
# - f_range: !astropy.units.Quantity
#     unit: *id001
#     value: 100.57999999999998
# - wl_min: !astropy.units.Quantity
#     unit: &id002 !astropy.units.Unit {unit: mm}
#     value: 0.9070876187594553
# - wl_max: !astropy.units.Quantity
#     unit: *id002
#     value: 1.3038989996520531
# - {wl_step: 29979245.8}
# - wl_range: !astropy.units.Quantity
#     unit: *id002
#     value: 0.3968113808925978
# - {generated_by: create_passband_table.py a1100}
# - {created_on: '2021-05-13T03:11:10.276'}
# - {version: v1.0.0}
# schema: astropy-2.0
f wl throughput
[from data line 1544]
245.36 1.22184731822628 0.42087765562229584
245.37 1.2217975221094677 0.4211991561302438
245.38000000000002 1.221747730051349 0.42152065924625176
245.39000000000001 1.2216979420514285 0.4218421649703273
245.4 1.2216481581092093 0.42216367330247917
245.41000000000003 1.2215983782241968 0.4224851842427137
245.42000000000002 1.221548602395893 0.42280669779103963
245.43 1.221498830623803 0.4231282139474659
245.44000000000003 1.2214490629074317 0.4234497327119985
245.45000000000002 1.2213992992462828 0.42377125408464655
245.46 1.2213495396398597 0.42409277806541884
245.47000000000003 1.221299784087669 0.4244143046543212
245.48000000000002 1.221250032589213 0.4247358338513629
245.49 1.2212002851439978 0.4250573656565525
245.50000000000003 1.2211505417515276 0.4253789000698963
245.51000000000002 1.2211008024113073 0.42570043709140337
245.52 1.2210510671228412 0.4260219767210821
245.53 1.2210013358856353 0.4263435189589388
245.54000000000002 1.2209516086991938 0.42666506380498276
245.55 1.220901885563022 0.42698661125922194
245.56 1.220852166476625 0.42730816132166344
245.57000000000002 1.2208024514395082 0.4276297139923155
245.58 1.2207527404511769 0.4279496680960226
245.59 1.2207030335111364 0.4282640374338176
245.60000000000002 1.2206533306188927 0.42857839867651865
245.61 1.2206036317739506 0.42889275182420455
245.62 1.2205539369758163 0.42920709687695024
245.63000000000002 1.2205042462239957 0.4295214338348348
245.64000000000001 1.2204545595179939 0.42983576269793566
245.65 1.2204048768573172 0.4301500834663309
245.66000000000003 1.220355198241472 0.4304643961400963
245.67000000000002 1.2203055236699638 0.43077870071931057
245.68 1.220255853142299 0.4310929972040518
245.69000000000003 1.2202061866579836 0.43140728559439573
245.70000000000002 1.2201565242165244 0.4317215658904209
245.71 1.220106865817427 0.43203583809220536
245.72000000000003 1.2200572114601989 0.4323501021998252
245.73000000000002 1.2200075611443455 0.43266435821335836
245.74 1.219957914869374 0.43297860613288364
245.75000000000003 1.2199082726347916 0.43329284595847717
245.76000000000002 1.2198586344401043 0.43360707769021606
245.77 1.2198090002848192 0.4339213013281799
245.78 1.2197593701684433 0.4342355168724438
245.79000000000002 1.2197097440904838 0.4345497243230866
245.8 1.2196601220504475 0.43486392368018606
245.81 1.2196105040478418 0.435178114943818
245.82000000000002 1.2195608900821742 0.43549229811406165
245.83 1.219511280152951 0.43580647319099447
245.84 1.219461674259681 0.4361206401746926
245.85000000000002 1.219412072401871 0.43643479906523414
245.86 1.2193624745790288 0.4367489498626979
245.87 1.2193128807906617 0.43706309256715914
245.88000000000002 1.219263291036278 0.4373772271786965
245.89000000000001 1.219213705315385 0.43769135369738776
245.9 1.2191641236274908 0.4380054721233106
245.91000000000003 1.2191145459721038 0.4383195824565412
245.92000000000002 1.2190649723487315 0.43863368469715797
245.93 1.219015402756882 0.43894777884523944
245.94000000000003 1.2189658371960645 0.43926186490086044
245.95000000000002 1.218916275665786 0.43957594286410057
245.96 1.2188667181655553 0.43989001273503753
245.97000000000003 1.2188171646948818 0.44020407451374705
245.98000000000002 1.2187676152532727 0.44051812820030745
245.99 1.2187180698402378 0.4408321737947977
246.00000000000003 1.2186685284552847 0.441146211297293
246.01000000000002 1.218618991097923 0.44146024070787193
246.02 1.2185694577676611 0.44177426202661263
246.03 1.2185199284640085 0.44208827525359096
246.04000000000002 1.218470403186474 0.4424022803888854
246.05 1.218420881934566 0.4427162774325742
246.06 1.2183713647077947 0.4430302663847334
246.07000000000002 1.2183218515056693 0.443344247245441
246.08 1.2182723423276984 0.44365822001477534
246.09 1.2182228371733919 0.4439721846928127
246.10000000000002 1.2181733360422595 0.4442861412796309
246.11 1.21812383893381 0.44460008977530857
246.12 1.218074345847554 0.44491403017992115
246.13000000000002 1.218024856783001 0.4452279624935474
246.14000000000001 1.2179753717396606 0.4455418867162648
246.15 1.2179258907170423 0.4458558028481516
246.16000000000003 1.2178764137146572 0.44616971088928337
246.17000000000002 1.2178269407320146 0.44648361083973886
246.18 1.2177774717686245 0.4467975026995962
246.19000000000003 1.217728006823998 0.44711138646893117
246.20000000000002 1.2176785458976445 0.447425262147822
246.21 1.2176290889890744 0.44773912973634733
246.22000000000003 1.2175796360977988 0.44805298923458287
246.23000000000002 1.2175301872233282 0.4483668406426067
246.24 1.2174807423651721 0.44868068396049765
246.25000000000003 1.2174313015228428 0.4489945191883313
246.26000000000002 1.21738186469585 0.4493083463261855
246.27 1.2173324318837049 0.4496221653741393
246.28 1.2172830030859185 0.44993597633226806
246.29000000000002 1.2172335783020019 0.45024977920065073
246.3 1.2171841575314657 0.4505635739793649
246.31 1.2171347407738216 0.4508773606684869
246.32000000000002 1.2170853280285807 0.45119113926809473
246.33 1.2170359192952542 0.45150490977826685
246.34 1.2169865145733543 0.45181867219907923
246.35000000000002 1.216937113862391 0.45213242653061025
246.36 1.216887717161877 0.4524461727729378
246.37 1.2168383244713235 0.45275991092613804
246.38000000000002 1.2167889357902428 0.45307364099028935
246.39000000000001 1.2167395511181462 0.45338736296546894
246.4 1.2166901704545459 0.4537010768517556
246.41000000000003 1.2166407937989532 0.4540147826492247
246.42000000000002 1.2165914211508808 0.4543284803579547
246.43 1.2165420525098405 0.4546421699780243
246.44000000000003 1.216492687875345 0.4549558515095085
246.45000000000002 1.2164433272469062 0.45526952495248646
246.46 1.2163939706240363 0.45558319030703637
246.47000000000003 1.2163446180062485 0.45589684757323384
246.48000000000002 1.2162952693930544 0.45621049675115727
246.49 1.216245924783967 0.45652413784088475
246.50000000000003 1.2161965841784994 0.4568377708424922
246.51000000000002 1.2161472475761634 0.4571513957560588
246.52 1.2160979149764726 0.4574650125816612
246.53000000000003 1.2160485863789396 0.4577786213193769
246.54000000000002 1.215999261783078 0.45809222196928345
246.55 1.2159499411884 0.4584058145314591
246.56 1.215900624594419 0.4587193990059801
246.57000000000002 1.215851312000649 0.45903297539292426
246.58 1.2158020034066022 0.45934654369237016
246.59 1.2157526988117928 0.4596601039043938
246.60000000000002 1.2157033982157341 0.4599736560290733
246.61 1.2156541016179394 0.46027094222033055
246.62 1.2156048090179221 0.4605670131067966
246.63000000000002 1.2155555204151969 0.4608630763504146
246.64000000000001 1.215506235809277 0.4611591319512578
246.65 1.2154569551996757 0.46145517990940044
246.66000000000003 1.2154076785859078 0.4617512202249138
246.67000000000002 1.215358405967487 0.46204725289787224
246.68 1.2153091373439273 0.4623432779283498
246.69000000000003 1.2152598727147437 0.46263929531641795
246.70000000000002 1.215210612079449 0.46293530506215064
246.71 1.2151613554375582 0.4632313071656228
246.72000000000003 1.2151121027885867 0.46352730162690486
246.73000000000002 1.2150628541320472 0.4638232884460716
246.74 1.2150136094674557 0.4641192676231972
246.75000000000003 1.2149643687943268 0.4644152391583528
246.76000000000002 1.2149151321121738 0.46471120305161256
246.77 1.214865899420513 0.4650071593030508
246.78000000000003 1.214816670718859 0.4653031079127392
246.79000000000002 1.2147674460067266 0.46559904888075193
246.8 1.2147182252836306 0.46589498220716263
246.81 1.2146690085490863 0.46619090789204276
246.82000000000002 1.2146197958026093 0.46648682593546753
246.83 1.2145705870437142 0.4667827363375096
246.84 1.2145213822719172 0.46707863909824165
246.85000000000002 1.214472181486733 0.46737453421773717
246.86 1.2144229846876773 0.4676704216960706
246.87 1.2143737918742656 0.4679663015333133
246.88000000000002 1.2143246030460144 0.46826217372953916
246.89000000000001 1.2142754182024385 0.4685580382848224
246.9 1.214226237343054 0.4688538951992357
246.91000000000003 1.2141770604673772 0.4691497444728518
246.92000000000002 1.2141278875749233 0.46944558610574394
246.93 1.2140787186652087 0.46974142009798747
246.94000000000003 1.2140295537377506 0.47003724644965267
246.95000000000002 1.2139803927920634 0.47033306516081413
246.96 1.2139312358276644 0.470628876231546
246.97000000000003 1.2138820828440702 0.47092467966192
246.98000000000002 1.213832933840797 0.4712204754520097
246.99 1.213783788817361 0.4715162636018897
247.00000000000003 1.2137346477732793 0.47181204411163136
247.01000000000002 1.2136855107080686 0.4721078169813087
247.02 1.213636377621245 0.4724035822109962
247.03000000000003 1.2135872485123265 0.4726993398007651
247.04000000000002 1.2135381233808291 0.47299508975068955
247.05 1.21348900222627 0.47329083206084394
247.06 1.2134398850481665 0.4735865667312994
247.07000000000002 1.2133907718460355 0.4738822937621305
247.08 1.2133416626193947 0.4741780131534109
247.09 1.2132925573677609 0.47447372490521245
247.10000000000002 1.2132434560906518 0.4747694290176088
247.11 1.2131943587875844 0.4750651254906748
247.12 1.213145265458077 0.4753608143244816
247.13000000000002 1.213096176101647 0.47565649551910294
247.14000000000001 1.2130470907178121 0.47595216907461285
247.15 1.2129980093060897 0.47624783499108503
247.16000000000003 1.2129489318659978 0.4765434932685912
247.17000000000002 1.2128998583970547 0.476839143907205
247.18 1.2128507888987783 0.4771347869070013
247.19000000000003 1.212801723370687 0.47743042226805116
247.20000000000002 1.212752661812298 0.4777260499904287
247.21 1.21270360422313 0.47802167007420787
247.22000000000003 1.2126545506027022 0.47831728251946054
247.23000000000002 1.2126055009505319 0.4786128873262609
247.24 1.2125564552661385 0.47890848449468315
247.25000000000003 1.2125074135490397 0.47920407402479814
247.26000000000002 1.2124583757987546 0.4794993507909649
247.27 1.2124093420148017 0.4797796332738551
247.28000000000003 1.2123603121967002 0.4800598893277698
247.29000000000002 1.2123112863439687 0.48034011895361006
247.3 1.2122622644561263 0.4806203221522766
247.31 1.2122132465326918 0.4809004989246679
247.32000000000002 1.2121642325731847 0.48118064927168425
247.33 1.2121152225771237 0.48146077319422703
247.34 1.2120662165440286 0.4817408706931936
247.35000000000002 1.2120172144734183 0.4820209417694857
247.36 1.2119682163648124 0.4823009864240036
247.37 1.2119192222177304 0.48258100465764536
247.38000000000002 1.2118702320316923 0.48286099647131203
247.39000000000001 1.211821245806217 0.4831409618659037
247.4 1.2117722635408246 0.4834209008423206
247.41000000000003 1.211723285235035 0.48370081340146165
247.42000000000002 1.211674310888368 0.48398069954422684
247.43 1.2116253405003434 0.484260559271518
247.44000000000003 1.211576374070482 0.48454039258423187
247.45000000000002 1.2115274115983028 0.4848201994832706
247.46 1.2114784530833265 0.48509997996953436
247.47000000000003 1.2114294985250738 0.48537973404392154
247.48000000000002 1.2113805479230648 0.48565946170733265
247.49 1.2113316012768194 0.48593916296066875
247.50000000000003 1.2112826585858587 0.48621883780482766
247.51000000000002 1.2112337198497032 0.48649848624071107
247.52 1.2111847850678732 0.4867781082692186
247.53000000000003 1.21113585423989 0.48705770389124925
247.54000000000002 1.2110869273652745 0.48733727310770336
247.55 1.2110380044435467 0.48761681591948186
247.56 1.2109890854742285 0.4878963323274832
247.57000000000002 1.210940170456841 0.4881758223326079
247.58 1.2108912593909038 0.48845528593575643
247.59 1.2108423522759402 0.4887347231378281
247.60000000000002 1.2107934491114702 0.4890141339397223
247.61 1.2107445498970157 0.4892935183423408
247.62 1.2106956546320975 0.48957287634658153
247.63000000000002 1.210646763316238 0.48985220795334516
247.64000000000001 1.2105978759489582 0.49013151316353154
247.65 1.21054899252978 0.4904107919780417
247.66000000000003 1.2105001130582251 0.4906900443977738
247.67000000000002 1.2104512375338152 0.49096927042362853
247.68 1.2104023659560723 0.4912484700565065
247.69000000000003 1.2103534983245188 0.49152764329730664
247.70000000000002 1.2103046346386759 0.49180679014692863
247.71 1.2102557748980662 0.49208591060627427
247.72000000000003 1.2102069191022122 0.4923650046762412
247.73000000000002 1.2101580672506358 0.4926440723577302
247.74 1.2101092193428595 0.49292311365164243
247.75000000000003 1.2100603753784058 0.493202128558876
247.76000000000002 1.210011535356797 0.4934811170803312
247.77 1.209962699277556 0.49376007921690923
247.78000000000003 1.209913867140205 0.49403901496950825
247.79000000000002 1.2098650389442673 0.49431792433902905
247.8 1.2098162146892655 0.4945968073263723
247.81 1.209767394374723 0.4948756639324366
247.82000000000002 1.2097185780001616 0.4951544941581223
247.83 1.209669765565105 0.49543329800433034
247.84 1.2096209570690768 0.49571207547195856
247.85000000000002 1.2095721525115999 0.4959908265619084
247.86 1.209523351892197 0.4962695512750802
247.87 1.2094745552103925 0.49654824961237265
247.88000000000002 1.2094257624657094 0.496826921574686
247.89000000000001 1.2093769736576712 0.49710556716292026
247.9 1.2093281887858007 0.49738418637797605
247.91000000000003 1.209279407849623 0.49766277922075197
247.92000000000002 1.2092306308486613 0.49794134569214904
247.93 1.2091818577824385 0.49821988579306753
247.94000000000003 1.20913308865048 0.4984983995244056
247.95000000000002 1.209084323452309 0.49877688688706423
247.96 1.2090355621874496 0.49905534788194433
247.97000000000003 1.2089868048554262 0.4993337825099438
247.98000000000002 1.208938051455763 0.49961219077196406
247.99 1.2088893019879834 0.49989057266890474
248.00000000000003 1.208840556451613 0.5001689282016651
248.01000000000002 1.2087918148461756 0.5004472573711457
248.02 1.2087430771711958 0.5007255601782471
248.03000000000003 1.2086943434261985 0.5010038366238673
248.04000000000002 1.2086456136107082 0.5012820867089077
248.05 1.208596887724249 0.5015603104342684
248.06 1.2085481657663468 0.5018385078008484
248.07000000000002 1.208499447736526 0.5021166788095479
248.08 1.2084507336343115 0.5023948234612677
248.09 1.2084020234592285 0.5026729417569061
248.10000000000002 1.2083533172108023 0.5029510336973639
248.11 1.2083046148885574 0.5032290992835421
248.12 1.20825591649202 0.5035071385163387
248.13000000000002 1.2082072220207152 0.5037851513966546
248.14000000000001 1.208158531474168 0.5040631379253891
248.15 1.208109844851904 0.5043410981034439
248.16000000000003 1.2080611621534496 0.504619031931717
248.17000000000002 1.2080124833783297 0.5048969394111088
248.18 1.2079638085260698 0.5051748205425198
248.19000000000003 1.2079151375961965 0.5054526753268493
248.20000000000002 1.2078664705882354 0.5057305037649974
248.21 1.2078178075017123 0.5060083058578646
248.22000000000003 1.2077691483361535 0.5062860816063496
248.23000000000002 1.2077204930910852 0.5065638310113532
248.24 1.207671841766033 0.5068415540737756
248.25000000000003 1.2076231943605238 0.5071192507945161
248.26000000000002 1.2075745508740838 0.5073969211744745
248.27 1.207525911306239 0.5076745652145516
248.28000000000003 1.2074772756565169 0.5079521829156461
248.29000000000002 1.2074286439244433 0.5082297742786586
248.3 1.207380016109545 0.5085073393044901
248.31 1.2073313922113487 0.5087848779940384
248.32000000000002 1.2072827722293815 0.509062390348204
248.33 1.20723415616317 0.5093398763678886
248.34 1.2071855440122412 0.5096173360539902
248.35000000000002 1.2071369357761226 0.5098947694074089
248.36 1.2070883314543406 0.5101721764290462
248.37 1.2070397310464227 0.5104495571197996
248.38000000000002 1.2069911345518964 0.5107269114805708
248.39000000000001 1.2069425419702888 0.5110042395122592
248.4 1.2068939533011271 0.5112815412157654
248.41000000000003 1.2068453685439395 0.5115588165919877
248.42000000000002 1.2067967876982533 0.5118360656418272
248.43 1.2067482107635954 0.5121132883661841
