tolteca/data/cal/toltec_passband/data/a1100_passband.ecsv
# %ECSV 0.9
# ---
# datatype:
# - {name: f, unit: GHz, datatype: float64, description: The frequency.}
# - {name: wl, unit: mm, datatype: float64, description: The wavelength.}
# - {name: throughput, datatype: float64, description: The throughput.}
# meta: !!omap
# - {name: a1100}
# - {name_long: TolTEC 1.1 mm array}
# - {index: 0}
# - {n_samples: 10059}
# - wl_center: !astropy.units.Quantity
#     unit: !astropy.units.Unit {unit: cm}
#     value: 0.10999999999999999
# - f_min: !astropy.units.Quantity
#     unit: &id001 !astropy.units.Unit {unit: GHz}
#     value: 229.92000000000002
# - f_max: !astropy.units.Quantity
#     unit: *id001
#     value: 330.5
# - f_step: !astropy.units.Quantity
#     unit: *id001
#     value: 0.01
# - f_range: !astropy.units.Quantity
#     unit: *id001
#     value: 100.57999999999998
# - wl_min: !astropy.units.Quantity
#     unit: &id002 !astropy.units.Unit {unit: mm}
#     value: 0.9070876187594553
# - wl_max: !astropy.units.Quantity
#     unit: *id002
#     value: 1.3038989996520531
# - {wl_step: 29979245.8}
# - wl_range: !astropy.units.Quantity
#     unit: *id002
#     value: 0.3968113808925978
# - {generated_by: create_passband_table.py a1100}
# - {created_on: '2021-05-13T03:11:10.276'}
# - {version: v1.0.0}
# schema: astropy-2.0
f wl throughput
[from data line 2165]
251.57000000000002 1.1916860436459038 0.591320978628635
251.58 1.1916386755703954 0.5915701673911038
251.59 1.1915913112603842 0.5918193541590617
251.60000000000002 1.1915439507154215 0.592068538932516
251.61 1.1914965939350586 0.592317721711473
251.62 1.1914492409188462 0.5925669024959371
251.63000000000002 1.1914018916663358 0.5928160812859155
251.64000000000001 1.1913545461770785 0.5930652580814133
251.65 1.1913072044506259 0.5933144328824379
251.66000000000003 1.1912598664865295 0.5935636056889938
251.67000000000002 1.1912125322843408 0.5938127765010872
251.68 1.191165201843611 0.5940619453187249
251.69000000000003 1.1911178751638922 0.5943111121419119
251.70000000000002 1.1910705522447358 0.5945602769706541
251.71 1.1910232330856938 0.594809439804959
251.72000000000003 1.1909759176863184 0.5950586006448304
251.73000000000002 1.1909286060461608 0.5953077594902759
251.74 1.1908812981647732 0.595556916341301
251.75000000000003 1.190833994041708 0.5958060711979107
251.76000000000002 1.1907866936765177 0.5960552240601124
251.77 1.1907393970687532 0.5963043749279119
251.78000000000003 1.1906921042179681 0.5965535238013137
251.79000000000002 1.1906448151237143 0.596802670680325
251.8 1.190597529785544 0.5970518155649526
251.81 1.1905502482030104 0.5973009584552
251.82000000000002 1.190502970375665 0.5975500993510753
251.83 1.1904556963030617 0.5977992382525831
251.84 1.1904084259847523 0.5980483751597303
251.85000000000002 1.1903611594202899 0.5982975100725224
251.86 1.1903138966092273 0.598546642990966
251.87 1.1902666375511177 0.5987957739150659
251.88000000000002 1.1902193822455138 0.5990449028448287
251.89000000000001 1.1901721306919693 0.5992940297802603
251.9 1.1901248828900357 0.5995431547213672
251.91000000000003 1.190077638839268 0.5997922776681545
251.92000000000002 1.1900303985392189 0.6000413986206284
251.93 1.1899831619894414 0.600290517578796
251.94000000000003 1.1899359291894898 0.6005396345426608
251.95000000000002 1.1898887001389165 0.6007887495122305
251.96 1.1898414748372756 0.6010378624875119
251.97000000000003 1.1897942532841213 0.6012869734685086
251.98000000000002 1.1897470354790063 0.6015360824552277
251.99 1.189699821421485 0.6017851894476764
252.00000000000003 1.1896526111111112 0.6020342944458583
252.01000000000002 1.1896054045474387 0.6022833974497811
252.02 1.1895582017300215 0.6025324984594504
252.03000000000003 1.1895110026584137 0.6027815974748715
252.04000000000002 1.18946380733217 0.603030694496051
252.05 1.189416615750843 0.603279789522995
252.06 1.1893694279139888 0.6035288825557082
252.07000000000002 1.189322243821161 0.6037779735941983
252.08 1.1892750634719138 0.6040270626384706
252.09 1.189227886865802 0.6042761496885303
252.10000000000002 1.1891807140023802 0.604525234744384
252.11 1.1891335448812026 0.6047743178060383
252.12 1.1890863795018245 0.605023398873498
252.13000000000002 1.1890392178638005 0.6052724779467693
252.14000000000001 1.1889920599666852 0.6055215550258584
252.15 1.1889449058100336 0.6057706301107723
252.16000000000003 1.1888977553934013 0.6060197032015149
252.17000000000002 1.1888506087163422 0.6062687742980932
252.18 1.1888034657784121 0.6065178434005142
252.19000000000003 1.1887563265791667 0.6067669105087815
252.20000000000002 1.1887091911181604 0.6070159756229024
252.21 1.1886620593949486 0.6072650387428836
252.22000000000003 1.1886149314090875 0.6075140998687297
252.23000000000002 1.188567807160132 0.6077631590004475
252.24 1.1885206866476372 0.6080122161380431
252.25000000000003 1.1884735698711597 0.6082612712815214
252.26000000000002 1.1884264568302547 0.6085103244308891
252.27 1.1883793475244777 0.6087593755861527
252.28000000000003 1.188332241953385 0.6090084247473164
252.29000000000002 1.1882851401165326 0.609257471914388
252.3 1.188238042013476 0.6095065170873729
252.31 1.1881909476437715 0.609751887038048
252.32000000000002 1.1881438570069753 0.6099919865911638
252.33 1.1880967701026433 0.6102320768804587
252.34 1.188049686930332 0.610472157906062
252.35000000000002 1.188002607489598 0.6107122296681051
252.36 1.1879555317799968 0.6109522921667203
252.37 1.1879084598010858 0.6111923454020363
252.38000000000002 1.187861391552421 0.6114323893741852
252.39000000000001 1.1878143270335593 0.6116724240832978
252.4 1.187767266244057 0.6119124495295061
252.41000000000003 1.1877202091834715 0.6121524657129388
252.42000000000002 1.187673155851359 0.6123924726337282
252.43 1.1876261062472764 0.6126324702920056
252.44000000000003 1.1875790603707812 0.6128724586879009
252.45000000000002 1.18753201822143 0.6131124378215451
252.46 1.18748497979878 0.6133524076930705
252.47000000000003 1.1874379451023884 0.6135923683026061
252.48000000000002 1.1873909141318129 0.6138323196502838
252.49 1.1873438868866093 0.6140722617362351
252.50000000000003 1.1872968633663368 0.6143121945605898
252.51000000000002 1.187249843570552 0.614552118123479
252.52 1.187202827498812 0.6147920324250346
252.53000000000003 1.1871558151506751 0.6150319374653862
252.54000000000002 1.187108806525699 0.6152718332446656
252.55 1.1870618016234409 0.6155117197630038
252.56 1.187014800443459 0.615751597020531
252.57000000000002 1.1869678029853112 0.6159914650173784
252.58 1.1869208092485548 0.6162313237536777
252.59 1.1868738192327486 0.6164711732295586
252.60000000000002 1.1868268329374507 0.6167110134451526
252.61 1.1867798503622187 0.6169508444005912
252.62 1.1867328715066108 0.617190666096004
252.63000000000002 1.1866858963701858 0.6174304785315227
252.64000000000001 1.1866389249525018 0.6176702817072782
252.65 1.186591957253117 0.6179100756234022
252.66000000000003 1.1865449932715906 0.618149860280024
252.67000000000002 1.1864980330074801 0.6183896356772755
252.68 1.186451076460345 0.6186294018152881
252.69000000000003 1.186404123629744 0.6188691586941913
252.70000000000002 1.1863571745152357 0.6191089063141169
252.71 1.1863102291163785 0.6193486446751962
252.72000000000003 1.1862632874327323 0.6195883737775595
252.73000000000002 1.186216349463855 0.6198280936213375
252.74 1.186169415209306 0.6200678042066622
252.75000000000003 1.1861224846686453 0.6203075055336633
252.76000000000002 1.1860755578414308 0.6205471976024721
252.77 1.1860286347272224 0.6207868804132203
252.78000000000003 1.1859817153255796 0.6210265539660376
252.79000000000002 1.1859347996360616 0.6212662182610554
252.8 1.1858878876582277 0.6215058732984055
252.81 1.185840979391638 0.6217455190782176
252.82000000000002 1.1857940748358518 0.6219851556006228
252.83 1.1857471739904284 0.622224782865753
252.84 1.185700276854928 0.6224644008737377
252.85000000000002 1.1856533834289107 0.6227040096247087
252.86 1.1856064937119355 0.6229436091187974
252.87 1.185559607703563 0.6231831993561339
252.88000000000002 1.1855127254033535 0.6234227803368488
252.89000000000001 1.1854658468108665 0.6236623520610732
252.9 1.1854189719256623 0.6239019145289397
252.91000000000003 1.1853721007473017 0.6241414677405767
252.92000000000002 1.1853252332753446 0.6243810116961167
252.93 1.1852783695093503 0.6246061958799212
252.94000000000003 1.1852315094488812 0.6248227458974366
252.95000000000002 1.185184653093497 0.6250392875158378
252.96 1.1851378004427577 0.6252558207352451
252.97000000000003 1.1850909514962251 0.6254723455557754
252.98000000000002 1.185044106253459 0.6256888619775485
252.99 1.1849972647140203 0.6259053700006842
253.00000000000003 1.1849504268774707 0.6261218696252999
253.01000000000002 1.18490359274337 0.6263383608515154
253.02 1.1848567623112798 0.6265548436794498
253.03000000000003 1.184809935580761 0.6267713181092215
253.04000000000002 1.1847631125513758 0.6269877841409498
253.05 1.1847162932226833 0.6272042417747538
253.06 1.1846694775942463 0.6274206910107517
253.07000000000002 1.1846226656656262 0.6276371318490632
253.08 1.1845758574363838 0.6278535642898073
253.09 1.1845290529060812 0.6280699883331023
253.10000000000002 1.184482252074279 0.6282864039790675
253.11 1.1844354549405396 0.6285028112278223
253.12 1.1843886615044248 0.6287192100794845
253.13000000000002 1.184341871765496 0.6289356005341739
253.14000000000001 1.1842950857233152 0.6291519825920092
253.15 1.1842483033774442 0.6293683562531099
253.16000000000003 1.1842015247274453 0.6295847215175943
253.17000000000002 1.1841547497728802 0.6298010783855811
253.18 1.184107978513311 0.6300174268571904
253.19000000000003 1.1840612109482997 0.6302337669325396
253.20000000000002 1.1840144470774092 0.6304500986117489
253.21 1.1839676869002014 0.630666421894937
253.22000000000003 1.183920930416239 0.6308827367822223
253.23000000000002 1.183874177625084 0.6310990432737242
253.24 1.1838274285262993 0.6313153413695619
253.25000000000003 1.1837806831194473 0.6315316310698534
253.26000000000002 1.1837339414040906 0.6317479123747183
253.27 1.1836872033797923 0.631964185284276
253.28000000000003 1.183640469046115 0.6321804497986449
253.29000000000002 1.183593738402622 0.632396705917943
253.3 1.1835470114488749 0.6326129536422912
253.31 1.1835002881844383 0.6328291929718073
253.32000000000002 1.1834535686088743 0.6330454239066098
253.33 1.1834068527217465 0.6332616464468188
253.34 1.183360140522618 0.6334778605925527
253.35000000000002 1.1833134320110523 0.6336940663439301
253.36 1.183266727186612 0.6339102637010708
253.37 1.1832200260488615 0.6341264526640933
253.38000000000002 1.1831733285973638 0.6343426332331153
253.39000000000001 1.1831266348316825 0.6345588054082579
253.4 1.1830799447513811 0.634774969189639
253.41000000000003 1.1830332583560241 0.6349911245773776
253.42000000000002 1.182986575645174 0.6352072715715924
253.43 1.1829398966183957 0.6354234101724031
253.44000000000003 1.1828932212752525 0.635639540379928
253.45000000000002 1.1828465496153089 0.6358556621942859
253.46 1.1827998816381284 0.6360717756155966
253.47000000000003 1.1827532173432755 0.6362878806439781
253.48000000000002 1.182706556730314 0.6365039772795498
253.49 1.1826598997988085 0.6367200655224308
253.50000000000003 1.1826132465483234 0.6369361453727396
253.51000000000002 1.182566596978423 0.6371522168305951
253.52 1.1825199510886715 0.6373682798961173
253.53000000000003 1.1824733088786337 0.6375843345694239
253.54000000000002 1.1824266703478743 0.6378003808506344
253.55 1.1823800354959573 0.6380164187398679
253.56 1.1823334043224487 0.6382324482372428
253.57000000000002 1.1822867768269119 0.6384484693428781
253.58 1.1822401530089124 0.6386644820568936
253.59 1.1821935328680153 0.6388804863794074
253.60000000000002 1.1821469164037859 0.6390964823105388
253.61 1.182100303615788 0.6393124698504068
253.62 1.182053694503588 0.6395284489991296
253.63000000000002 1.182007089066751 0.6397444197568269
253.64000000000001 1.1819604873048415 0.6399603821236173
253.65 1.1819138892174255 0.6401763360996209
253.66000000000003 1.1818672948040685 0.6403922816849549
253.67000000000002 1.1818207040643358 0.6406082188797392
253.68 1.1817741169977924 0.6408241476840928
253.69000000000003 1.181727533604005 0.6410400680981337
253.70000000000002 1.1816809538825386 0.641255980121982
253.71 1.181634377832959 0.6414718837557568
253.72000000000003 1.181587805454832 0.6416877789995755
253.73000000000002 1.181541236747724 0.6419036658535583
253.74 1.1814946717112005 0.6421195443178244
253.75000000000003 1.1814481103448278 0.6423354143924918
253.76000000000002 1.1814015526481716 0.642551276077679
253.77 1.1813549986207983 0.6427671293735071
253.78000000000003 1.1813084482622744 0.6429829742800932
253.79000000000002 1.1812619015721662 0.6431988107975564
253.8 1.1812153585500396 0.6434146389260167
253.81 1.1811688191954612 0.643630458665592
253.82000000000002 1.1811222835079978 0.6438462700164014
253.83 1.1810757514872159 0.6440620729785645
253.84 1.181029223132682 0.6442778675521997
253.85000000000002 1.180982698443963 0.644493653737426
253.86 1.1809361774206255 0.6447094315343626
253.87 1.1808896600622365 0.644925200943128
253.88000000000002 1.180843146368363 0.6451409619638411
253.89000000000001 1.1807966363385722 0.6453567145966211
253.9 1.1807501299724301 0.6455724588415879
253.91000000000003 1.1807036272695055 0.6457881946988586
253.92000000000002 1.1806571282293636 0.6460039221685533
253.93 1.1806106328515733 0.6462196412507915
253.94000000000003 1.1805641411357015 0.6464353519456905
253.95000000000002 1.1805176530813155 0.64665105425337
253.96 1.1804711686879825 0.64686674817395
253.97000000000003 1.1804246879552704 0.6470824337075476
253.98000000000002 1.1803782108827467 0.6472981108542826
253.99 1.180331737469979 0.6475167962462816
254.00000000000003 1.1802852677165356 0.6477469615792558
254.01000000000002 1.1802388016219836 0.6479771286166174
254.02 1.1801923391858908 0.6482072973583732
254.03000000000003 1.180145880407826 0.6484374678045248
254.04000000000002 1.1800994252873565 0.6486676399550794
254.05 1.1800529738240504 0.6488978138100415
254.06 1.1800065260174766 0.6491279893694148
254.07000000000002 1.179960081867202 0.6493581666332044
254.08 1.179913641372796 0.6495883456014159
254.09 1.1798672045338265 0.6498185262740529
254.10000000000002 1.1798207713498625 0.6500487086511206
254.11 1.1797743418204714 0.6502788927326248
254.12 1.179727915945223 0.6505090785185683
254.13000000000002 1.1796814937236848 0.6507392660089572
254.14000000000001 1.1796350751554265 0.6509694552037957
254.15 1.1795886602400156 0.6511996461030896
254.16000000000003 1.1795422489770226 0.6514298387068419
254.17000000000002 1.179495841366015 0.6516600330150588
254.18 1.1794494374065623 0.6518902290277446
254.19000000000003 1.1794030370982336 0.6521204267449036
254.20000000000002 1.179356640440598 0.6523506261665412
254.21 1.1793102474332249 0.6525808272926624
254.22000000000003 1.1792638580756827 0.6528110301232709
254.23000000000002 1.1792174723675413 0.6530412346583717
254.24 1.17917109030837 0.6532714408979711
254.25000000000003 1.1791247118977386 0.6535016488420716
254.26000000000002 1.179078337135216 0.6537318584906793
254.27 1.179031966020372 0.6539620698437989
254.28000000000003 1.1789855985527764 0.6541922829014348
254.29000000000002 1.178939234731999 0.6544224976635917
254.3 1.178892874557609 0.6546527141302753
254.31 1.178846518029177 0.6548829323014889
254.32000000000002 1.1788001651462725 0.6551131521772376
254.33 1.1787538159084654 0.6553433737575274
254.34 1.178707470315326 0.6555735970423618
254.35000000000002 1.1786611283664243 0.655803822031746
254.36 1.1786147900613302 0.6560340487256849
254.37 1.1785684553996147 0.6562642771241828
254.38000000000002 1.1785221243808477 0.6564945072272443
254.39000000000001 1.1784757970045994 0.6567247390348749
254.4 1.1784294732704403 0.6569549725470797
254.41000000000003 1.1783831531779414 0.657185207763862
254.42000000000002 1.1783368367266727 0.657415444685227
254.43 1.178290523916205 0.657645683311181
254.44000000000003 1.1782442147461094 0.6578759236417268
254.45000000000002 1.1781979092159562 0.6581061656768696
254.46 1.1781516073253164 0.6583364094166154
254.47000000000003 1.1781053090737612 0.6585666548609672
254.48000000000002 1.1780590144608616 0.6587969020099309
254.49 1.1780127234861884 0.6590271508635116
254.50000000000003 1.1779664361493125 0.6592574014217125
254.51000000000002 1.177920152449806 0.6594876536845394
254.52 1.1778738723872386 0.6597179076519974
254.53000000000003 1.1778275959611835 0.6599481633240902
254.54000000000002 1.1777813231712109 0.6601784207008236
254.55 1.1777350540168925 0.6604086797822021
254.56 1.1776887884978002 0.6606389405682296
254.57000000000002 1.177642526613505 0.6608692030589115
254.58 1.1775962683635794 0.6610994672542535
254.59 1.177550013747594 0.6613297331542585
254.60000000000002 1.177503762765122 0.6615600007589323
254.61 1.1774575154157338 0.66179027006828
254.62 1.1774112716990024 0.6620205410823055
254.63000000000002 1.1773650316144995 0.6622508138010136
254.64000000000001 1.1773187951617972 0.66248108822441
254.65 1.1772725623404672 0.6627113643524991
254.66000000000003 1.1772263331500825 0.662941642185285
254.67000000000002 1.1771801075902149 0.6631719217227727
254.68 1.1771338856604365 0.6634022029649679
