tolteca/data/cal/toltec_passband/data/a1100_passband.ecsv
# %ECSV 0.9
# ---
# datatype:
# - {name: f, unit: GHz, datatype: float64, description: The frequency.}
# - {name: wl, unit: mm, datatype: float64, description: The wavelength.}
# - {name: throughput, datatype: float64, description: The throughput.}
# meta: !!omap
# - {name: a1100}
# - {name_long: TolTEC 1.1 mm array}
# - {index: 0}
# - {n_samples: 10059}
# - wl_center: !astropy.units.Quantity
#     unit: !astropy.units.Unit {unit: cm}
#     value: 0.10999999999999999
# - f_min: !astropy.units.Quantity
#     unit: &id001 !astropy.units.Unit {unit: GHz}
#     value: 229.92000000000002
# - f_max: !astropy.units.Quantity
#     unit: *id001
#     value: 330.5
# - f_step: !astropy.units.Quantity
#     unit: *id001
#     value: 0.01
# - f_range: !astropy.units.Quantity
#     unit: *id001
#     value: 100.57999999999998
# - wl_min: !astropy.units.Quantity
#     unit: &id002 !astropy.units.Unit {unit: mm}
#     value: 0.9070876187594553
# - wl_max: !astropy.units.Quantity
#     unit: *id002
#     value: 1.3038989996520531
# - {wl_step: 29979245.8}
# - wl_range: !astropy.units.Quantity
#     unit: *id002
#     value: 0.3968113808925978
# - {generated_by: create_passband_table.py a1100}
# - {created_on: '2021-05-13T03:11:10.276'}
# - {version: v1.0.0}
# schema: astropy-2.0
f wl throughput
[from data line 9764]
327.56 0.915229142752473 0.0023394508865350145
327.57 0.9152012027963489 0.0023311873278537725
327.58000000000004 0.9151732645460652 0.002322938525386731
327.59000000000003 0.9151453280014654 0.002314704478412633
327.6 0.9151173931623932 0.0023064851862101793
327.61 0.9150894600286926 0.002298280648058203
327.62 0.9150615286002075 0.0022900908632354014
327.63 0.9150335988767817 0.002281915831020519
327.64000000000004 0.9150056708582592 0.0022737555506922966
327.65000000000003 0.9149777445444837 0.0022656100215294813
327.66 0.9149498199352988 0.0022574792428107678
327.67 0.9149218970305489 0.0022493632138149916
327.68 0.9148939758300781 0.0022412619338208523
327.69 0.9148660563337301 0.002233175402107091
327.70000000000005 0.9148381385413489 0.002225103617952451
327.71000000000004 0.9148102224527785 0.0022170465806356774
327.72 0.914782308067863 0.002209004289435466
327.73 0.9147543953864462 0.0022009767436306535
327.74 0.9147264844083725 0.002192963942499937
327.75 0.9146985751334858 0.0021849658853220584
327.76000000000005 0.9146706675616304 0.002176982571375763
327.77000000000004 0.9146427616926505 0.002169013999939792
327.78000000000003 0.9146148575263898 0.002161060170292891
327.79 0.9145869550626927 0.0021531210817137577
327.8 0.9145590543014035 0.0021451967334812252
327.81 0.9145311552423661 0.002137287124873992
327.82 0.9145032578854251 0.002129392255170802
327.83000000000004 0.9144753622304245 0.0021215121236503962
327.84000000000003 0.9144474682772086 0.002113646729591521
327.85 0.9144195760256215 0.0021057960722728752
327.86 0.9143916854755079 0.0020979601509732884
327.87 0.9143637966267119 0.0020901389649714626
327.88 0.9143359094790777 0.002082332513546138
327.89000000000004 0.91430802403245 0.0020745407959760613
327.90000000000003 0.9142801402866729 0.002066763811539974
327.91 0.9142522582415907 0.002059001559516575
327.92 0.914224377897048 0.0020512540391846965
327.93 0.9141964992528893 0.002043521249823039
327.94 0.9141686223089589 0.0020358031907103434
327.95000000000005 0.9141407470651015 0.0020280998611253557
327.96000000000004 0.9141128735211612 0.0020204112603468168
327.97 0.9140850016769827 0.0020127373876534286
327.98 0.9140571315324105 0.0020050782423240198
327.99 0.9140292630872893 0.0019974338236372915
328.0 0.9140013963414636 0.0019905066157260174
328.01000000000005 0.9139735312947775 0.0019854216610136525
328.02000000000004 0.9139456679470765 0.0019803432931181147
328.03000000000003 0.9139178062982046 0.001975271511719505
328.04 0.9138899463480064 0.0019702063164979008
328.05 0.9138620880963267 0.001965147707133463
328.06 0.9138342315430105 0.001960095683306264
328.07 0.913806376687902 0.0019550502446964097
328.08000000000004 0.9137785235308463 0.0019500113909840023
328.09000000000003 0.9137506720716879 0.001944979121849145
328.1 0.9137228223102712 0.001939953436971915
328.11 0.9136949742464419 0.0019349343360324691
328.12 0.913667127880044 0.0019299218187108847
328.13 0.9136392832109227 0.001924915884687265
328.14000000000004 0.9136114402389226 0.0019199165336417135
328.15000000000003 0.9135835989638886 0.0019149237652543337
328.16 0.9135557593856655 0.0019099375792051997
328.17 0.9135279215040986 0.0019049579751744727
328.18 0.9135000853190323 0.0018999849528422283
328.19 0.9134722508303117 0.0018950185118885687
328.20000000000005 0.913444418037782 0.0018900586519935976
328.21000000000004 0.9134165869412878 0.00188510537283742
328.22 0.913388757540674 0.0018801586741001087
328.23 0.9133609298357859 0.0018752185554618255
328.24 0.9133331038264685 0.0018702850166026452
328.25 0.9133052795125667 0.0018653580572026707
328.26000000000005 0.9132774568939256 0.0018604376769420052
328.27000000000004 0.9132496359703903 0.0018555238755007533
328.28000000000003 0.913221816741806 0.0018506166525590183
328.29 0.9131939992080172 0.0018457160077968754
328.3 0.91316618336887 0.0018408219408944848
328.31 0.9131383692242088 0.00183593445153192
328.32 0.9131105567738791 0.0018310535393892863
328.33000000000004 0.9130827460177264 0.0018261792041466866
328.34000000000003 0.9130549369555951 0.001821311445484224
328.35 0.9130271295873307 0.0018164502630819753
328.36 0.9129993239127787 0.0018115956566200975
328.37 0.9129715199317843 0.0018067476257786683
328.38 0.9129437176441927 0.0018019061702377898
328.39000000000004 0.9129159170498494 0.0017970712896775664
328.40000000000003 0.9128881181485996 0.0017922429837781014
328.41 0.912860320940288 0.0017874212522194708
328.42 0.912832525424761 0.0017826060946818326
328.43 0.9128047316018634 0.0017777975108452628
328.44 0.9127769394714408 0.0017729955003898657
328.45000000000005 0.9127491490333386 0.001768200062995744
328.46000000000004 0.912721360287402 0.0017634111983430018
328.47 0.9126935732334764 0.0017586289061117145
328.48 0.9126657878714076 0.0017538531859820402
328.49 0.9126380042010411 0.0017490840376340564
328.5 0.9126102222222222 0.0017443214607478642
328.51000000000005 0.9125824419347964 0.0017395654550035687
328.52000000000004 0.9125546633386097 0.0017348160200812745
328.53000000000003 0.912526886433507 0.0017300731556610827
328.54 0.9124991112193341 0.0017253368614230699
328.55 0.9124713376959367 0.0017206071370473954
328.56 0.9124435658631604 0.0017158839822141352
328.57 0.912415795720851 0.0017111673966033925
328.58000000000004 0.912388027268854 0.0017064573798952695
328.59000000000003 0.912360260507015 0.001701753931769871
328.6 0.9123324954351795 0.001697057051907273
328.61 0.9123047320531937 0.0016923667399876335
328.62 0.9122769703609033 0.0016876829956910288
328.63 0.9122492103581538 0.0016830058186975616
328.64000000000004 0.9122214520447909 0.001678335208687336
328.65000000000003 0.9121936954206604 0.0016736711653404556
328.66 0.9121659404856083 0.0016690136883369974
328.67 0.9121381872394804 0.0016643627773571177
328.68 0.9121104356821225 0.001659718432080894
328.69 0.9120826858133804 0.0016550806521884276
328.70000000000005 0.9120549376331002 0.0016504494373598248
328.71000000000004 0.9120271911411276 0.0016458247872751877
328.72 0.9119994463373085 0.0016412067016145938
328.73 0.9119717032214888 0.001636595180058199
328.74 0.9119439617935147 0.00163199022228608
328.75 0.911916222053232 0.0016273918279783414
328.76000000000005 0.9118884840004866 0.0016227999968150848
328.77000000000004 0.911860747635125 0.0016182147284764165
328.78000000000003 0.9118330129569927 0.001613636022642438
328.79 0.9118052799659356 0.0016090638789932265
328.8 0.9117775486618005 0.0016044982972089384
328.81 0.911749819044433 0.0015999743501694137
328.82 0.9117220911136792 0.001595458632751334
328.83000000000004 0.9116943648693856 0.001590949267652597
328.84000000000003 0.9116666403113978 0.0015864462549974004
328.85 0.9116389174395622 0.0015819495949099115
328.86 0.911611196253725 0.0015774592875143778
328.87 0.9115834767537325 0.001572975332934969
328.88 0.911555758939431 0.00156849773129588
328.89000000000004 0.9115280428106664 0.0015640264827213055
328.90000000000003 0.911500328367285 0.0015595615873354406
328.91 0.9114726156091332 0.0015551030452624556
328.92 0.9114449045360573 0.001550650856626596
328.93 0.9114171951479038 0.0015462050215520329
328.94 0.9113894874445188 0.0015417655401629583
328.95000000000005 0.9113617814257488 0.0015373324125835695
328.96000000000004 0.9113340770914399 0.001532905638938061
328.97 0.9113063744414386 0.0015284852193506043
328.98 0.9112786734755912 0.001524071153945443
328.99 0.9112509741937445 0.0015196634428467474
329.0 0.9112232765957446 0.0015152620861787138
329.01000000000005 0.9111955806814382 0.0015108670840655357
329.02000000000004 0.9111678864506718 0.0015064784366314097
329.03000000000003 0.9111401939032917 0.001502096144000529
329.04 0.9111125030391442 0.001497720206297065
329.05 0.9110848138580763 0.001493350623645264
329.06 0.9110571263599344 0.0014889873961692935
329.07 0.9110294405445649 0.0014846305239933505
329.08000000000004 0.9110017564118149 0.0014802800072416299
329.09000000000003 0.9109740739615304 0.001475935846038326
329.1 0.9109463931935582 0.0014715980405076102
329.11 0.910918714107745 0.001467266590773726
329.12 0.9108910367039378 0.0014629414969608444
329.13 0.9108633609819828 0.0014586227591931607
329.14000000000004 0.910835686941727 0.0014543103775948698
329.15000000000003 0.910808014583017 0.0014500043522901668
329.16 0.9107803439056993 0.0014457046834032224
329.17 0.9107526749096212 0.0014414113710582805
329.18 0.910725007594629 0.0014371244153795126
329.19 0.9106973419605701 0.0014328438164911128
329.20000000000005 0.9106696780072905 0.0014285695745172762
329.21000000000004 0.9106420157346377 0.0014243016895821986
329.22 0.9106143551424579 0.00142004016181005
329.23 0.9105866962305988 0.0014157849913250756
329.24 0.9105590389989066 0.0014115361782514443
329.25 0.9105313834472285 0.0014072937227133527
329.26000000000005 0.9105037295754115 0.0014030576248349946
329.27000000000004 0.9104760773833026 0.0013988278847405667
329.28000000000003 0.9104484268707485 0.0013946045025542639
329.29 0.910420778037596 0.0013903874784002563
329.3 0.9103931308836927 0.001386176812402787
329.31 0.9103654854088853 0.0013819725046860275
329.32 0.9103378416130208 0.0013777745553741733
329.33000000000004 0.9103101994959465 0.0013735829645914197
329.34000000000003 0.9102825590575093 0.0013693977324619607
329.35 0.9102549202975558 0.0013652188591099686
329.36 0.910227283215934 0.0013610463446596856
329.37 0.9101996478124905 0.001356880189235284
329.38 0.9101720140870726 0.0013527203929609574
329.39000000000004 0.9101443820395279 0.001348566955960902
329.40000000000003 0.9101167516697029 0.0013444198783593125
329.41 0.9100891229774445 0.0013402791602803608
329.42 0.910061495962601 0.0013361448018482888
329.43 0.910033870625019 0.0013320168031872679
329.44 0.9100062469645459 0.0013278951644214933
329.45000000000005 0.9099786249810291 0.001323779885675161
329.46000000000004 0.9099510046743157 0.001319670967072465
329.47 0.9099233860442528 0.001315568408737578
329.48 0.9098957690906884 0.0013114722107947412
329.49 0.9098681538134693 0.0013073823733681265
329.5 0.9098405402124431 0.0013032988965819296
329.51000000000005 0.9098129282874572 0.001299221780560344
329.52000000000004 0.9097853180383589 0.001295151025427566
329.53000000000003 0.9097577094649957 0.0012910866313077917
329.54 0.9097301025672149 0.0012870285983251908
329.55 0.9097024973448642 0.001282976926604006
329.56 0.909674893797791 0.0012789316162684094
329.57 0.9096472919258427 0.001274892667442596
329.58000000000004 0.9096196917288671 0.0012708600802507606
329.59000000000003 0.9095920932067115 0.0012668338548170988
329.6 0.9095644963592233 0.0012628139912657828
329.61 0.9095369011862505 0.001258800489721053
329.62 0.9095093076876403 0.0012547933503070817
329.63 0.9094817158632406 0.0012507925731480643
329.64000000000004 0.9094541257128991 0.001246798158368196
329.65000000000003 0.909426537236463 0.001242810106091672
329.66 0.9093989504337803 0.0012388284164426644
329.67 0.9093713653046986 0.0012348530895454142
329.68 0.9093437818490658 0.0012309596582980042
329.69 0.9093162000667293 0.0012280146546278477
329.70000000000005 0.9092886199575373 0.0012250731590085493
329.71000000000004 0.9092610415213371 0.0012221351715087682
329.72 0.9092334647579764 0.0012192006921971509
329.73 0.9092058896673035 0.001216269721142389
329.74 0.909178316249166 0.0012133422584131295
329.75 0.9091507445034118 0.0012104183040780305
329.76000000000005 0.9091231744298883 0.0012074978582057557
329.77000000000004 0.9090956060284443 0.0012045809208649637
329.78000000000003 0.9090680392989267 0.0012016674921243166
329.79 0.9090404742411838 0.0011987575720524579
329.8 0.9090129108550636 0.0011958511607180827
329.81 0.9089853491404143 0.0011929482581898344
329.82 0.9089577890970835 0.0011900488645363745
329.83000000000004 0.9089302307249191 0.0011871529798263625
329.84000000000003 0.9089026740237692 0.0011842606041284611
329.85 0.908875118993482 0.0011813717375113136
329.86 0.9088475656339053 0.0011784863800436154
329.87 0.9088200139448874 0.001175604531794008
329.88 0.9087924639262762 0.0011727261928311551
329.89000000000004 0.90876491557792 0.001169851363223716
329.90000000000003 0.9087373688996667 0.0011669800430403519
329.91 0.9087098238913642 0.0011641122323497073
329.92 0.9086822805528613 0.0011612479312204764
329.93 0.9086547388840057 0.0011583871397213032
329.94 0.9086271988846457 0.0011555298579208487
329.95000000000005 0.9085996605546296 0.001152676085887773
329.96000000000004 0.9085721238938056 0.0011498258236907382
329.97 0.9085445889020214 0.001146979071398389
329.98 0.908517055579126 0.0011441358290794176
329.99 0.9084895239249674 0.0011412960968024699
330.0 0.908461993939394 0.001138459874636205
330.01000000000005 0.9084344656222538 0.0011356271626492857
330.02000000000004 0.9084069389733958 0.0011327979609103724
330.03000000000003 0.9083794139926674 0.0011299722694881247
330.04 0.9083518906799177 0.0011271500884511888
330.05 0.9083243690349947 0.0011243314178682577
330.06 0.9082968490577471 0.0011215162578079754
330.07 0.9082693307480231 0.0011187046083390036
330.08000000000004 0.9082418141056715 0.0011158964695300022
330.09000000000003 0.9082142991305403 0.0011130918414496334
330.1 0.908186785822478 0.0011102907241665409
330.11 0.9081592741813337 0.001107493117749418
330.12 0.9081317642069551 0.0011046990222669097
330.13 0.9081042558991912 0.0011019084377876772
330.14000000000004 0.9080767492578907 0.0010991213643803805
330.15000000000003 0.9080492442829019 0.0010963378021136806
330.16 0.9080217409740732 0.0010935577510562233
330.17 0.9079942393312536 0.0010907812112767013
330.18 0.9079667393542916 0.001088008182843758
330.19 0.907939241043036 0.0010852386658260563
330.20000000000005 0.9079117443973351 0.0010824726602922557
330.21000000000004 0.9078842494170379 0.0010797101663110177
330.22 0.9078567561019926 0.0010769511839509873
330.23 0.9078292644520486 0.0010741957132808571
330.24 0.9078017744670542 0.0010714437543692713
330.25 0.9077742861468586 0.0010686953072848926
330.26000000000005 0.9077467994913099 0.0010659503720963793
330.27000000000004 0.9077193145002577 0.0010632089488723942
330.28000000000003 0.9076918311735499 0.0010604710376815982
330.29 0.9076643495110359 0.001057736638592636
330.3 0.9076368695125645 0.0010550057516741996
330.31 0.9076093911779844 0.0010522783769949346
330.32 0.9075819145071445 0.0010495545146235019
330.33000000000004 0.9075544394998942 0.0010468341646285612
330.34000000000003 0.9075269661560817 0.001044117327078776
330.35 0.9074994944755563 0.0010414040020427888
330.36 0.9074720244581668 0.0010386941895892934
330.37 0.9074445561037624 0.001035987889786934
330.38 0.907417089412192 0.0010332851027043725
330.39000000000004 0.9073896243833047 0.0010305858284102693
330.40000000000003 0.9073621610169493 0.0010278900669732857
330.41 0.9073346993129748 0.0010251978184620657
330.42 0.9073072392712307 0.0010225090829453032
330.43 0.9072797808915656 0.0010198238604916415
330.44 0.9072523241738288 0.0010171421511697431
330.45000000000005 0.9072248691178698 0.0010144639550482683
330.46000000000004 0.9071974157235371 0.0010117892721958777
330.47 0.9071699639906801 0.001009118102681217
330.48 0.9071425139191479 0.0010064504465729786
330.49 0.9071150655087902 0.0010037863039398067
330.5 0.9070876187594553 0.0010011256748503632
