tolteca/data/cal/toltec_passband/data/a1100_passband.ecsv
# %ECSV 0.9
# ---
# datatype:
# - {name: f, unit: GHz, datatype: float64, description: The frequency.}
# - {name: wl, unit: mm, datatype: float64, description: The wavelength.}
# - {name: throughput, datatype: float64, description: The throughput.}
# meta: !!omap
# - {name: a1100}
# - {name_long: TolTEC 1.1 mm array}
# - {index: 0}
# - {n_samples: 10059}
# - wl_center: !astropy.units.Quantity
#     unit: !astropy.units.Unit {unit: cm}
#     value: 0.10999999999999999
# - f_min: !astropy.units.Quantity
#     unit: &id001 !astropy.units.Unit {unit: GHz}
#     value: 229.92000000000002
# - f_max: !astropy.units.Quantity
#     unit: *id001
#     value: 330.5
# - f_step: !astropy.units.Quantity
#     unit: *id001
#     value: 0.01
# - f_range: !astropy.units.Quantity
#     unit: *id001
#     value: 100.57999999999998
# - wl_min: !astropy.units.Quantity
#     unit: &id002 !astropy.units.Unit {unit: mm}
#     value: 0.9070876187594553
# - wl_max: !astropy.units.Quantity
#     unit: *id002
#     value: 1.3038989996520531
# - {wl_step: 29979245.8}
# - wl_range: !astropy.units.Quantity
#     unit: *id002
#     value: 0.3968113808925978
# - {generated_by: create_passband_table.py a1100}
# - {created_on: '2021-05-13T03:11:10.276'}
# - {version: v1.0.0}
# schema: astropy-2.0
f wl throughput
[from data line 6205]
291.97 1.026791992327979 0.7109804081625557
291.98 1.026756825809987 0.7108909691684111
291.99 1.0267216617007435 0.7108015332124222
292.0 1.0266864999999998 0.7107121002951247
292.01 1.0266513407075102 0.7106226704170548
292.02000000000004 1.0266161838230259 0.7105332435787474
292.03000000000003 1.0265810293463002 0.7104438197807388
292.04 1.0265458772770855 0.7103543990235638
292.05 1.0265107276151344 0.7102649813077596
292.06 1.0264755803602 0.7101755666338609
292.07 1.026440435512035 0.7100861550024034
292.08000000000004 1.026405293070392 0.7099967464139234
292.09000000000003 1.0263701530350235 0.7099073408689556
292.1 1.026335015405683 0.7098179383680363
292.11 1.0262998801821233 0.7097285389117014
292.12 1.026264747364097 0.7096391425004863
292.13 1.0262296169513572 0.7095497491349273
292.14000000000004 1.0261944889436574 0.7094603588155594
292.15000000000003 1.0261593633407498 0.7093709715429184
292.16 1.0261242401423878 0.7092815873175393
292.17 1.0260891193483246 0.7091922061399594
292.18 1.0260540009583132 0.7091028280107131
292.19 1.0260188849721072 0.7090134529303371
292.20000000000005 1.0259837713894593 0.7089240808993666
292.21000000000004 1.025948660210123 0.7088347119183374
292.22 1.0259135514338513 0.708745345987784
292.23 1.0258784450603977 0.7086559831082438
292.24 1.0258433410895154 0.7085666232802523
292.25 1.025808239520958 0.7084772665043445
292.26 1.025773140354479 0.7083879127810565
292.27000000000004 1.0257380435898316 0.708298562110924
292.28000000000003 1.025702949226769 0.7082092144944824
292.29 1.025667857265045 0.708119869932267
292.3 1.0256327677044133 0.7080305284248146
292.31 1.0255976805446272 0.7079411899726608
292.32 1.0255625957854406 0.7078518545763403
292.33000000000004 1.025527513426607 0.7077625222363896
292.34000000000003 1.02549243346788 0.7076731929533443
292.35 1.0254573559090132 0.7075838667277397
292.36 1.0254222807497604 0.7074945435601123
292.37 1.0253872079898758 0.7074052234509964
292.38 1.0253521376291128 0.7073159064009292
292.39000000000004 1.0253170696672256 0.707226592410446
292.40000000000003 1.0252820041039674 0.7071372814800823
292.41 1.0252469409390923 0.7070479736103727
292.42 1.0252118801723547 0.7069586688018552
292.43 1.0251768218035084 0.7068693670550639
292.44 1.0251417658323074 0.7067800683705348
292.45000000000005 1.0251067122585056 0.706690772748804
292.46000000000004 1.025071661081858 0.7066014801904063
292.47 1.0250366123021166 0.7065121906958782
292.48 1.025001565919037 0.7064229042657555
292.49 1.0249665219323738 0.7063336209005736
292.5 1.0249314803418803 0.7062443406008678
292.51 1.0248964411473112 0.7061550633671743
292.52000000000004 1.0248614043484208 0.7060657892000287
292.53000000000003 1.0248263699449631 0.7059765180999669
292.54 1.0247913379366924 0.7058872500675241
292.55 1.0247563083233635 0.7057979851032363
292.56 1.0247212811047306 0.7057087232076393
292.57 1.0246862562805483 0.7056194643812688
292.58000000000004 1.0246512338505709 0.7055302086246604
292.59000000000003 1.024616213814553 0.7054409559383495
292.6 1.0245811961722489 0.7053517063228721
292.61 1.0245461809234135 0.7052624597787641
292.62 1.0245111680678014 0.7051732163065612
292.63 1.0244761576051669 0.7050839759067985
292.64000000000004 1.0244411495352652 0.7049947385800125
292.65000000000003 1.024406143857851 0.704905504326738
292.66 1.024371140572678 0.7048162731475109
292.67 1.0243361396795025 0.7047270450428683
292.68 1.0243011411780787 0.704625746032284
292.69 1.0242661450681612 0.7045141503061616
292.70000000000005 1.0242311513495046 0.704402560336662
292.71000000000004 1.024196160021865 0.7042909761245725
292.72 1.024161171084996 0.704179397670681
292.73 1.0241261845386533 0.7040678249757759
292.74 1.024091200382592 0.7039562580406443
292.75 1.0240562186165671 0.7038446968660738
292.76 1.0240212392403334 0.7037331414528525
292.77000000000004 1.0239862622536464 0.7036215918017683
292.78000000000003 1.0239512876562609 0.7035100479136085
292.79 1.023916315447932 0.7033985097891602
292.8 1.0238813456284153 0.7032869774292125
292.81 1.0238463781974658 0.7031754508345526
292.82 1.0238114131548393 0.7030639300059682
292.83000000000004 1.0237764505002904 0.7029524149442472
292.84000000000003 1.023741490233575 0.7028409056501769
292.85 1.0237065323544476 0.7027294021245445
292.86 1.0236715768626647 0.7026179043681389
292.87 1.0236366237579813 0.7025064123817479
292.88 1.023601673040153 0.7023949261661581
292.89000000000004 1.0235667247089353 0.7022834457221585
292.90000000000003 1.0235317787640834 0.7021719710505356
292.91 1.0234968352053533 0.7020605021520775
292.92 1.0234618940325004 0.7019490390275727
292.93 1.0234269552452804 0.7018375816778082
292.94 1.023392018843449 0.7017261301035721
292.95000000000005 1.0233570848267624 0.7016146843056519
292.96000000000004 1.0233221531949757 0.701503244284835
292.97 1.0232872239478445 0.7013918548779885
292.98 1.0232522970851252 0.7012828896933965
292.99 1.0232173726065734 0.7011739293936633
293.0 1.0231824505119453 0.7010649739796972
293.01 1.0231475308009965 0.7009560234524089
293.02000000000004 1.0231126134734831 0.7008470778127074
293.03000000000003 1.023077698529161 0.7007381370615029
293.04 1.023042785967786 0.7006292011997036
293.05 1.0230078757891143 0.7005202702282208
293.06 1.0229729679929025 0.7004113441479631
293.07 1.022938062578906 0.7003024229598404
293.08000000000004 1.0229031595468816 0.7001935066647623
293.09000000000003 1.0228682588965852 0.7000845952636382
293.1 1.0228333606277722 0.6999756887573773
293.11 1.0227984647402 0.69986678714689
293.12 1.0227635712336245 0.6997578904330856
293.13 1.022728680107802 0.6996489986168732
293.14000000000004 1.0226937913624894 0.6995401116991633
293.15000000000003 1.022658904997442 0.6994312296808642
293.16 1.0226240210124165 0.6993223525628858
293.17 1.0225891394071698 0.6992134803461394
293.18 1.0225542601814586 0.6991046130315327
293.19 1.0225193833350388 0.6989957506199759
293.20000000000005 1.022484508867667 0.6988868931123783
293.21000000000004 1.0224496367791005 0.69877804050965
293.22 1.0224147670690948 0.6986691928126996
293.23 1.0223798997374076 0.6985603500224381
293.24 1.0223450347837948 0.6984515121397737
293.25 1.0223101722080137 0.6983426791656169
293.26 1.0222753120098205 0.6982338511008773
293.27000000000004 1.022240454188973 0.6981250279464642
293.28000000000003 1.0222055987452265 0.6980162097032867
293.29 1.0221707456783389 0.697907396372254
293.3 1.0221358949880672 0.6977985879542777
293.31 1.0221010466741671 0.6976897844502662
293.32 1.0220662007363972 0.6975809858611288
293.33000000000004 1.0220313571745139 0.6974721921877751
293.34000000000003 1.0219965159882731 0.6973634034311149
293.35 1.0219616771774331 0.6972546195920576
293.36 1.0219268407417508 0.6971458406715135
293.37 1.021892006680983 0.6970370666703912
293.38 1.0218571749948873 0.696928297589601
293.39000000000004 1.0218223456832205 0.696819533430052
293.40000000000003 1.02178751874574 0.6967107741926543
293.41 1.0217526941822026 0.6966020198783166
293.42 1.0217178719923659 0.6964932704879492
293.43 1.0216830521759874 0.6963845260224616
293.44 1.0216482347328244 0.6962757864827632
293.45000000000005 1.0216134196626343 0.696167051869764
293.46000000000004 1.0215786069651742 0.696058322184373
293.47 1.0215437966402017 0.6959495974274993
293.48 1.0215089886874744 0.6958408776000541
293.49 1.02147418310675 0.6957321627029462
293.5 1.0214393798977854 0.6956234527370846
293.51 1.0214045790603385 0.6955147477033795
293.52000000000004 1.0213697805941675 0.6954060476027403
293.53000000000003 1.0213349844990292 0.6952973524360767
293.54 1.0213001907746813 0.6951886622042973
293.55 1.0212653994208827 0.695079976908313
293.56 1.0212306104373894 0.6949712965490334
293.57 1.0211958238239605 0.6948626211273673
293.58000000000004 1.0211610395803532 0.6947539506442247
293.59000000000003 1.0211262577063256 0.6946452851005152
293.6 1.0210914782016347 0.6945366244971473
293.61 1.02105670106604 0.6944279688350323
293.62 1.0210219262992983 0.6943193181150787
293.63 1.0209871539011681 0.6942106723381967
293.64000000000004 1.0209523838714074 0.6941020315052954
293.65000000000003 1.0209176162097737 0.693993395617284
293.66 1.0208828509160255 0.6938847646750731
293.67 1.0208480879899207 0.6937761386795717
293.68 1.0208133274312177 0.6936675176316895
293.69 1.0207785692396745 0.693558901532336
293.70000000000005 1.0207438134150495 0.6934502903824206
293.71000000000004 1.0207090599571007 0.6933416841828536
293.72 1.0206743088655863 0.6932330829345429
293.73 1.020639560140265 0.6931244866384001
293.74 1.0206048137808947 0.6930158952953338
293.75 1.0205700697872344 0.6929073089062537
293.76 1.0205353281590412 0.6927987274720699
293.77000000000004 1.0205005888960752 0.6926901509936912
293.78000000000003 1.020465851998094 0.6925815794720269
293.79 1.0204311174648557 0.6924730129079868
293.8 1.02039638529612 0.6923644513024814
293.81 1.0203616554916444 0.6922558946564199
293.82 1.0203269280511877 0.6921473429707113
293.83000000000004 1.0202922029745092 0.6920387962462655
293.84000000000003 1.020257480261367 0.6919302544839924
293.85 1.0202227599115195 0.6918217176848006
293.86 1.020188041924726 0.6917131858496007
293.87 1.0201533263007456 0.6916046589793022
293.88 1.0201186130393358 0.6914961370748142
293.89000000000004 1.0200839021402568 0.6913876201370466
293.90000000000003 1.0200491936032665 0.6912791081669089
293.91 1.0200144874281243 0.6911706011653102
293.92 1.0199797836145894 0.6910620991331607
293.93 1.0199450821624196 0.6909536020713698
293.94 1.0199103830713752 0.6908451099808472
293.95000000000005 1.0198756863412144 0.6907366228625023
293.96000000000004 1.0198409919716973 0.6906281407172452
293.97 1.0198062999625812 0.6905196635459839
293.98 1.0197716103136267 0.6904111913496296
293.99 1.0197369230245927 0.6903027241290915
294.0 1.019702238095238 0.6901942618852794
294.01 1.0196675555253223 0.6900858046191022
294.02000000000004 1.019632875314605 0.6899773523314697
294.03000000000003 1.019598197462844 0.6898689050232921
294.04 1.0195635219698 0.6897604626954771
294.05 1.019528848835232 0.6896520253489368
294.06 1.0194941780588995 0.6895435929845793
294.07 1.0194595096405619 0.6894351656033145
294.08000000000004 1.0194248435799789 0.6893267432060521
294.09000000000003 1.0193901798769087 0.6892183257937013
294.1 1.0193555185311118 0.6891099133671716
294.11 1.0193208595423484 0.6890015059273732
294.12 1.019286202910377 0.6888931034752158
294.13 1.0192515486349571 0.6887847060116081
294.14000000000004 1.01921689671585 0.6886763135374603
294.15000000000003 1.0191822471528134 0.6885679260536822
294.16 1.0191475999456079 0.6884595435611816
294.17 1.0191129550939932 0.6883511660608708
294.18 1.0190783125977292 0.6882427935536576
294.19 1.0190436724565757 0.6881344260404523
294.20000000000005 1.0190090346702922 0.6880260635221638
294.21000000000004 1.0189743992386393 0.6879177059997021
294.22 1.0189397661613762 0.6878093534739765
294.23 1.018905135438263 0.6877010059458974
294.24 1.0188705070690594 0.6875926634163736
294.25 1.0188358810535263 0.6874843258863149
294.26 1.0188012573914227 0.687375993356631
294.27000000000004 1.0187666360825098 0.6872676658282316
294.28000000000003 1.0187320171265464 0.6871593433020255
294.29 1.0186974005232934 0.6870510257789223
294.3 1.018662786272511 0.6869427132598329
294.31 1.0186281743739594 0.6868344057456659
294.32 1.0185935648273987 0.686726103237331
294.33000000000004 1.0185589576325895 0.6866178057357379
294.34000000000003 1.0185243527892915 0.6865095132417959
294.35 1.0184897502972652 0.6864012257564147
294.36 1.0184551501562713 0.6862920974819625
294.37 1.0184205523660699 0.6861813076385193
294.38 1.0183859569264218 0.6860705231417881
294.39000000000004 1.018351363837087 0.6859597439927155
294.40000000000003 1.0183167730978262 0.6858489701922473
294.41 1.0182821847083998 0.6857382017413293
294.42 1.0182475986685686 0.6856274386409085
294.43 1.0182130149780932 0.6855166808919304
294.44 1.018178433636734 0.6854059284953413
294.45000000000005 1.018143854644252 0.6852951814520877
294.46000000000004 1.0181092780004077 0.6851844397631155
294.47 1.0180747037049613 0.68507370342937
294.48 1.0180401317576746 0.6849629724517992
294.49 1.0180055621583075 0.6848522468313475
294.5 1.0179709949066218 0.6847415265689621
294.51 1.017936430002377 0.6846308116655889
294.52000000000004 1.017901867445335 0.6845201021221746
294.53000000000003 1.0178673072352566 0.6844093979396639
294.54 1.017832749371902 0.6842986991190035
294.55 1.0177981938550331 0.6841880056611407
294.56 1.0177636406844106 0.6840773175670203
294.57 1.0177290898597955 0.6839666348375893
294.58000000000004 1.0176945413809493 0.6838559574737936
294.59000000000003 1.0176599952476326 0.683745285476579
294.6 1.0176254514596064 0.6836346188468914
294.61 1.0175909100166323 0.6835239575856781
294.62 1.0175563709184712 0.6834133016938847
294.63 1.0175218341648846 0.6833026511724575
294.64000000000004 1.0174872997556346 0.683192006022342
294.65000000000003 1.0174527676904805 0.6830813662444851
294.66 1.017418237969185 0.6829707318398321
294.67 1.0173837105915091 0.6828601028093302
294.68 1.0173491855572145 0.6827494791539249
294.69 1.017314662866063 0.6826388608745625
294.70000000000005 1.0172801425178148 0.6825282479721896
294.71000000000004 1.017245624512233 0.6824176404477518
294.72 1.0172111088490772 0.6823070383021947
294.73 1.0171765955281105 0.6821964415364654
294.74 1.017142084549094 0.6820858501515102
294.75 1.0171075759117896 0.6819752641482747
294.76 1.0170730696159587 0.6818646835277054
294.77000000000004 1.0170385656613632 0.6817541082907481
294.78000000000003 1.0170040640477647 0.6816435384383489
294.79 1.0169695647749244 0.6815329739714536
294.8 1.016935067842605 0.6814224148910097
294.81 1.0169005732505685 0.6813118611979628
294.82 1.0168660809985755 0.6812013128932584
294.83000000000004 1.016831591086389 0.6810907699778433
294.84000000000003 1.0167971035137704 0.6809802324526636
294.85 1.0167626182804819 0.6808697003186645
294.86 1.016728135386285 0.6807591735767932
294.87 1.0166936548309424 0.6806486522279962
294.88 1.016659176614216 0.6805381362732187
294.89000000000004 1.0166247007358677 0.680427625713407
294.90000000000003 1.0165902271956597 0.6803171205495078
294.91 1.016555755993354 0.6802066207824661
294.92 1.0165212871287128 0.6800961264132299
294.93 1.0164868206014988 0.6799856374427439
294.94 1.0164523564114736 0.6798751538719547
294.95000000000005 1.0164178945583997 0.6797646757018088
294.96000000000004 1.0163834350420398 0.6796542029332517
294.97 1.0163489778621555 0.6795437355672291
294.98 1.0163145230185098 0.6794332736046887
294.99 1.0162800705108648 0.6793228170465758
295.0 1.0162456203389831 0.6792123658938368
295.01 1.016211172502627 0.6791019201474171
295.02000000000004 1.0161767270015594 0.678991479808264
295.03000000000003 1.0161422838355423 0.678881044877323
295.04 1.0161078430043384 0.6787706153555394
295.05 1.0160734045077104 0.6786601912438611
295.06 1.0160389683454214 0.6785497725432335
295.07 1.0160045345172333 0.6784393592546024
295.08000000000004 1.0159701030229091 0.6783292344310151
295.09000000000003 1.0159356738622118 0.6782199664458853
295.1 1.0159012470349034 0.6781107034470917
295.11 1.015866822540748 0.6780014454356423
295.12 1.0158324003795065 0.6778921924125434
295.13 1.0157979805509438 0.6777829443788018
295.14000000000004 1.0157635630548216 0.6776737013354246
295.15000000000003 1.0157291478909032 0.6775644632834182
295.16 1.0156947350589511 0.6774552302237892
295.17 1.0156603245587288 0.6773460021575454
295.18 1.0156259163899992 0.6772367790856932
295.19 1.0155915105525255 0.6771275610092395
295.20000000000005 1.0155571070460707 0.6770183479291915
295.21000000000004 1.0155227058703975 0.6769091398465551
295.22 1.0154883070252694 0.676799936762337
295.23 1.0154539105104494 0.6766907386775456
295.24 1.0154195163257012 0.6765815455931868
295.25 1.0153851244707879 0.6764723575102678
295.26 1.0153507349454718 0.676363174429795
