tolteca/data/cal/toltec_passband/data/a1400_passband.ecsv
# %ECSV 0.9
# ---
# datatype:
# - {name: f, unit: GHz, datatype: float64, description: The frequency.}
# - {name: wl, unit: mm, datatype: float64, description: The wavelength.}
# - {name: throughput, datatype: float64, description: The throughput.}
# meta: !!omap
# - {name: a1400}
# - {name_long: TolTEC 1.4 mm array}
# - {index: 1}
# - {n_samples: 8538}
# - wl_center: !astropy.units.Quantity
#     unit: !astropy.units.Unit {unit: cm}
#     value: 0.13999999999999999
# - f_min: !astropy.units.Quantity
#     unit: &id001 !astropy.units.Unit {unit: GHz}
#     value: 186.29000000000002
# - f_max: !astropy.units.Quantity
#     unit: *id001
#     value: 271.66
# - f_step: !astropy.units.Quantity
#     unit: *id001
#     value: 0.01
# - f_range: !astropy.units.Quantity
#     unit: *id001
#     value: 85.37
# - wl_min: !astropy.units.Quantity
#     unit: &id002 !astropy.units.Unit {unit: mm}
#     value: 1.1035576014135315
# - wl_max: !astropy.units.Quantity
#     unit: *id002
#     value: 1.609278318750336
# - {wl_step: 29979245.8}
# - wl_range: !astropy.units.Quantity
#     unit: *id002
#     value: 0.5057207173368043
# - {generated_by: create_passband_table.py a1400}
# - {created_on: '2021-05-13T03:11:57.252'}
# - {version: v1.0.0}
# schema: astropy-2.0
f wl throughput
[from data line 6624]
252.53000000000003 1.1871558151506751 0.13429096821722453
252.54000000000002 1.187108806525699 0.1340387251948942
252.55 1.1870618016234409 0.13378671218567117
252.56 1.187014800443459 0.1335349292040246
252.57000000000002 1.1869678029853112 0.13328337626442138
252.58 1.1869208092485548 0.13303205338132865
252.59 1.1868738192327486 0.13278096056921557
252.60000000000002 1.1868268329374507 0.13253009784254918
252.61 1.1867798503622187 0.1322794652157965
252.62 1.1867328715066108 0.13202906270342674
252.63000000000002 1.1866858963701858 0.1317788903199068
252.64000000000001 1.1866389249525018 0.1315289480797046
252.65 1.186591957253117 0.13127923599728705
252.66000000000003 1.1865449932715906 0.13102975408712342
252.67000000000002 1.1864980330074801 0.13078050236368066
252.68 1.186451076460345 0.13053148084142582
252.69000000000003 1.186404123629744 0.13028268953482802
252.70000000000002 1.1863571745152357 0.13003412845835438
252.71 1.1863102291163785 0.129785797626472
252.72000000000003 1.1862632874327323 0.12953769705364987
252.73000000000002 1.186216349463855 0.12928982675435513
252.74 1.186169415209306 0.1290421867430548
252.75000000000003 1.1861224846686453 0.12879477703421804
252.76000000000002 1.1860755578414308 0.12854759764231186
252.77 1.1860286347272224 0.12830064858180332
252.78000000000003 1.1859817153255796 0.1280539298671616
252.79000000000002 1.1859347996360616 0.12780744151285373
252.8 1.1858878876582277 0.1275611835333467
252.81 1.185840979391638 0.1273151559431097
252.82000000000002 1.1857940748358518 0.12706935875660985
252.83 1.1857471739904284 0.12682379198831403
252.84 1.185700276854928 0.12657845565269155
252.85000000000002 1.1856533834289107 0.12633334976420935
252.86 1.1856064937119355 0.12608847433733456
252.87 1.185559607703563 0.12584382938653613
252.88000000000002 1.1855127254033535 0.1255994149262813
252.89000000000001 1.1854658468108665 0.12535523097103782
252.9 1.1854189719256623 0.12511127753527262
252.91000000000003 1.1853721007473017 0.12486755463345497
252.92000000000002 1.1853252332753446 0.12462406228005181
252.93 1.1852783695093503 0.12439189093569514
252.94000000000003 1.1852315094488812 0.12416658568249475
252.95000000000002 1.185184653093497 0.12394147337788146
252.96 1.1851378004427577 0.12371655403401458
252.97000000000003 1.1850909514962251 0.12349182766305528
252.98000000000002 1.185044106253459 0.12326729427716279
252.99 1.1849972647140203 0.12304295388849636
253.00000000000003 1.1849504268774707 0.12281880650921724
253.01000000000002 1.18490359274337 0.1225948521514847
253.02 1.1848567623112798 0.12237109082745778
253.03000000000003 1.184809935580761 0.12214752254929806
253.04000000000002 1.1847631125513758 0.12192414732916448
253.05 1.1847162932226833 0.12170096517921641
253.06 1.1846694775942463 0.12147733709180468
253.07000000000002 1.1846226656656262 0.12125369285220156
253.08 1.1845758574363838 0.12103024487108609
253.09 1.1845290529060812 0.12080699315637128
253.10000000000002 1.184482252074279 0.12058393771596822
253.11 1.1844354549405396 0.12036107855778795
253.12 1.1843886615044248 0.12013841568974361
253.13000000000002 1.184341871765496 0.1199159491197461
253.14000000000001 1.1842950857233152 0.11969367885570739
253.15 1.1842483033774442 0.11947160490553843
253.16000000000003 1.1842015247274453 0.11924972727715225
253.17000000000002 1.1841547497728802 0.11902804597845996
253.18 1.184107978513311 0.11880656101737257
253.19000000000003 1.1840612109482997 0.11858527240180318
253.20000000000002 1.1840144470774092 0.11836418013966288
253.21 1.1839676869002014 0.11814328423886278
253.22000000000003 1.183920930416239 0.11792258470731577
253.23000000000002 1.183874177625084 0.11770208155293309
253.24 1.1838274285262993 0.11748177478362576
253.25000000000003 1.1837806831194473 0.11726166440730683
253.26000000000002 1.1837339414040906 0.1170417504318873
253.27 1.1836872033797923 0.11682203286527831
253.28000000000003 1.183640469046115 0.11660251171539295
253.29000000000002 1.183593738402622 0.11638318699014212
253.3 1.1835470114488749 0.11616405869743718
253.31 1.1835002881844383 0.11594512684519097
253.32000000000002 1.1834535686088743 0.11572639144131452
253.33 1.1834068527217465 0.11550785249371914
253.34 1.183360140522618 0.11528951001031763
253.35000000000002 1.1833134320110523 0.1150713639990212
253.36 1.183266727186612 0.1148534144677409
253.37 1.1832200260488615 0.11463566142438973
253.38000000000002 1.1831733285973638 0.11441810487687887
253.39000000000001 1.1831266348316825 0.11420074483311983
253.4 1.1830799447513811 0.11398358130102397
253.41000000000003 1.1830332583560241 0.1137666142885042
253.42000000000002 1.182986575645174 0.11354984380347158
253.43 1.1829398966183957 0.11333326985383715
253.44000000000003 1.1828932212752525 0.11311689244751406
253.45000000000002 1.1828465496153089 0.11290071159241337
253.46 1.1827998816381284 0.11268472729644607
253.47000000000003 1.1827532173432755 0.11246893956752525
253.48000000000002 1.182706556730314 0.11225334841356198
253.49 1.1826598997988085 0.11203795384246738
253.50000000000003 1.1826132465483234 0.1118227558621544
253.51000000000002 1.182566596978423 0.11160775448053417
253.52 1.1825199510886715 0.11139294970551789
253.53000000000003 1.1824733088786337 0.11117834154501835
253.54000000000002 1.1824266703478743 0.11096393000694676
253.55 1.1823800354959573 0.11074971509921429
253.56 1.1823334043224487 0.11053569682973378
253.57000000000002 1.1822867768269119 0.11032187520641648
253.58 1.1822401530089124 0.11010825023717347
253.59 1.1821935328680153 0.10989482192991759
253.60000000000002 1.1821469164037859 0.10968159029256007
253.61 1.182100303615788 0.10946855533301203
253.62 1.182053694503588 0.10925571705918638
253.63000000000002 1.182007089066751 0.10904307547899429
253.64000000000001 1.1819604873048415 0.10883063060034745
253.65 1.1819138892174255 0.108618382431157
253.66000000000003 1.1818672948040685 0.10840633097933587
253.67000000000002 1.1818207040643358 0.10819447625279525
253.68 1.1817741169977924 0.10798281825944613
253.69000000000003 1.181727533604005 0.10777135700720158
253.70000000000002 1.1816809538825386 0.10756009250397273
253.71 1.181634377832959 0.10734902475767065
253.72000000000003 1.181587805454832 0.10713815377620825
253.73000000000002 1.181541236747724 0.10692747956749672
253.74 1.1814946717112005 0.1067170021394472
253.75000000000003 1.1814481103448278 0.10650672149997253
253.76000000000002 1.1814015526481716 0.10629663765698394
253.77 1.1813549986207983 0.10608675061839248
253.78000000000003 1.1813084482622744 0.10587706039211126
253.79000000000002 1.1812619015721662 0.1056675669860511
253.8 1.1812153585500396 0.10545827040812347
253.81 1.1811688191954612 0.10524917066624104
253.82000000000002 1.1811222835079978 0.10504026776831513
253.83 1.1810757514872159 0.10483156172225674
253.84 1.181029223132682 0.10462305253597884
253.85000000000002 1.180982698443963 0.1044147402173926
253.86 1.1809361774206255 0.1042050298845101
253.87 1.1808896600622365 0.10399342419459134
253.88000000000002 1.180843146368363 0.10378202127044642
253.89000000000001 1.1807966363385722 0.10357082112022047
253.9 1.1807501299724301 0.10335982375205807
253.91000000000003 1.1807036272695055 0.10314902917410558
253.92000000000002 1.1806571282293636 0.10293843739450761
253.93 1.1806106328515733 0.10272804842140877
253.94000000000003 1.1805641411357015 0.10251786226295531
253.95000000000002 1.1805176530813155 0.10230787892729194
253.96 1.1804711686879825 0.10209809842256314
253.97000000000003 1.1804246879552704 0.10188852075691536
253.98000000000002 1.1803782108827467 0.10167914593849317
253.99 1.180331737469979 0.10146997397544104
254.00000000000003 1.1802852677165356 0.10126100487590546
254.01000000000002 1.1802388016219836 0.10105223864803094
254.02 1.1801923391858908 0.1008436752999621
254.03000000000003 1.180145880407826 0.10063531483984534
254.04000000000002 1.1800994252873565 0.1004271572758252
254.05 1.1800529738240504 0.10021920261604618
254.06 1.1800065260174766 0.1000114508686548
254.07000000000002 1.179960081867202 0.09980390204179553
254.08 1.179913641372796 0.09959655614361303
254.09 1.1798672045338265 0.09938941318225357
254.10000000000002 1.1798207713498625 0.09918247316586179
254.11 1.1797743418204714 0.09897573610258227
254.12 1.179727915945223 0.0987692020005614
254.13000000000002 1.1796814937236848 0.09856287086794369
254.14000000000001 1.1796350751554265 0.09835674271287433
254.15 1.1795886602400156 0.09815081754349803
254.16000000000003 1.1795422489770226 0.09794509536796103
254.17000000000002 1.179495841366015 0.09773957619440791
254.18 1.1794494374065623 0.09753426003098326
254.19000000000003 1.1794030370982336 0.09732914688583343
254.20000000000002 1.179356640440598 0.09712423676710305
254.21 1.1793102474332249 0.09691952968293673
254.22000000000003 1.1792638580756827 0.09671502564148084
254.23000000000002 1.1792174723675413 0.0965107246508798
254.24 1.17917109030837 0.09630662671927837
254.25000000000003 1.1791247118977386 0.0961027318548228
254.26000000000002 1.179078337135216 0.09589904006565775
254.27 1.179031966020372 0.09569555135992777
254.28000000000003 1.1789855985527764 0.0954922657457792
254.29000000000002 1.178939234731999 0.09528918323135666
254.3 1.178892874557609 0.09508630382480475
254.31 1.178846518029177 0.09488362753426978
254.32000000000002 1.1788001651462725 0.09468115436789634
254.33 1.1787538159084654 0.09447888433382902
254.34 1.178707470315326 0.09427681744021425
254.35000000000002 1.1786611283664243 0.09407495369519651
254.36 1.1786147900613302 0.09387329310692046
254.37 1.1785684553996147 0.09367183568353239
254.38000000000002 1.1785221243808477 0.09347058143317692
254.39000000000001 1.1784757970045994 0.09326953036399924
254.4 1.1784294732704403 0.09306868248414393
254.41000000000003 1.1783831531779414 0.09286803780175736
254.42000000000002 1.1783368367266727 0.09266759632498403
254.43 1.178290523916205 0.09246735806196865
254.44000000000003 1.1782442147461094 0.0922673230208575
254.45000000000002 1.1781979092159562 0.09206749120979518
254.46 1.1781516073253164 0.09186786263692628
254.47000000000003 1.1781053090737612 0.09166843731039716
254.48000000000002 1.1780590144608616 0.09146921523835234
254.49 1.1780127234861884 0.09127019642893656
254.50000000000003 1.1779664361493125 0.09107138089029607
254.51000000000002 1.177920152449806 0.09087276863057543
254.52 1.1778738723872386 0.0906743596579193
254.53000000000003 1.1778275959611835 0.09047615398047394
254.54000000000002 1.1777813231712109 0.09027815160638408
254.55 1.1777350540168925 0.09008035254379418
254.56 1.1776887884978002 0.0898827568008506
254.57000000000002 1.177642526613505 0.08968536438569806
254.58 1.1775962683635794 0.089488175306481
254.59 1.177550013747594 0.08929118957134581
254.60000000000002 1.177503762765122 0.08909440718843709
254.61 1.1774575154157338 0.08889782816589946
254.62 1.1774112716990024 0.08870145251187929
254.63000000000002 1.1773650316144995 0.088505280234521
254.64000000000001 1.1773187951617972 0.08830931134196993
254.65 1.1772725623404672 0.08811375571461694
254.66000000000003 1.1772263331500825 0.0879185427596578
254.67000000000002 1.1771801075902149 0.08772353165163926
254.68 1.1771338856604365 0.0875287224011936
254.69000000000003 1.1770876673603206 0.08733411501895473
254.70000000000002 1.1770414526894386 0.08713970951555504
254.71 1.1769952416473637 0.08694550590162682
254.72000000000003 1.1769490342336684 0.08675150418780406
254.73000000000002 1.1769028304479257 0.08655770438471902
254.74 1.1768566302897072 0.08636410650300406
254.75000000000003 1.176810433758587 0.08617071055329316
254.76000000000002 1.1767642408541372 0.08597751654621859
254.77 1.1767180515759312 0.0857845244924127
254.78000000000003 1.1766718659235418 0.08559173440250945
254.79000000000002 1.1766256838965423 0.08539914628714106
254.8 1.1765795054945054 0.08520676015694001
254.81 1.1765333307170047 0.08501457602254014
254.82000000000002 1.1764871595636137 0.08482259389457385
254.83 1.176440992033905 0.0846308137836734
254.84 1.1763948281274526 0.08443923570047276
254.85000000000002 1.1763486678438297 0.08424785965560429
254.86 1.17630251118261 0.08405668565970024
254.87 1.1762563581433674 0.0838657137233946
254.88000000000002 1.176210208725675 0.08367494385731972
254.89000000000001 1.1761640629291068 0.0834843760721084
254.9 1.1761179207532366 0.08329401037839304
254.91000000000003 1.1760717821976385 0.08310384678680759
254.92000000000002 1.1760256472618862 0.08291388530798424
254.93 1.1759795159455535 0.08272412595255545
254.94000000000003 1.1759333882482155 0.08253456873115508
254.95000000000002 1.1758872641694453 0.08234521365441556
254.96 1.1758411437088172 0.08215606073296912
254.97000000000003 1.1757950268659059 0.08196710997744974
254.98000000000002 1.1757489136402857 0.08177836139848974
254.99 1.1757028040315307 0.08158981500672148
255.00000000000003 1.1756566980392158 0.08140147081277885
255.01000000000002 1.1756105956629153 0.0812133288272942
255.02 1.1755644969022037 0.08102538906089986
255.03000000000003 1.1755184017566562 0.08083765152422975
255.04000000000002 1.175472310225847 0.08066030993174678
255.05 1.175426222309351 0.08048485621840534
255.06 1.175380138006744 0.08030957069820113
255.07000000000002 1.1753340573175997 0.08013445338000993
255.08 1.1752879802414928 0.07995950427270758
255.09 1.175241906778 0.07978472338517142
255.10000000000002 1.1751958369266955 0.07961011072627729
255.11 1.1751497706871545 0.07943566630490102
255.12 1.1751037080589526 0.07926139012992006
255.13000000000002 1.1750576490416655 0.07908728221021014
255.14000000000001 1.1750115936348673 0.07891334255464764
255.15 1.1749655418381346 0.07873957117210847
255.16000000000003 1.1749194936510425 0.07856596807146984
255.17000000000002 1.174873449073167 0.07839253326160767
255.18 1.1748274081040833 0.07821926675139787
255.19000000000003 1.1747813707433679 0.07804616854971767
255.20000000000002 1.1747353369905957 0.07787323866544303
255.21 1.174689306845343 0.07770047710744968
255.22000000000003 1.174643280307186 0.07752788388461504
255.23000000000002 1.1745972573757004 0.07735545900581492
255.24 1.1745512380504624 0.07718320247992523
255.25000000000003 1.1745052223310484 0.0770111143158232
255.26000000000002 1.1744592102170337 0.07683919452238477
255.27 1.1744132017079953 0.07666744310848579
255.28000000000003 1.1743671968035099 0.07649586008300353
255.29000000000002 1.1743211955031534 0.07632444545481396
255.3 1.174275197806502 0.0761531992327927
255.31 1.1742292037131332 0.07598212142581738
255.32000000000002 1.1741832132226229 0.0758112120427636
255.33 1.1741372263345475 0.07564047109250738
255.34 1.1740912430484842 0.07546989858392597
255.35000000000002 1.1740452633640104 0.07529949452589522
255.36 1.173999287280702 0.07512925892729105
255.37 1.173953314798136 0.0749619265627931
255.38000000000002 1.1739073459158902 0.07480036570793225
255.39000000000001 1.173861380633541 0.07463896085124423
255.4 1.1738154189506655 0.07447771200095453
255.41000000000003 1.1737694608668416 0.07431661916529007
255.42000000000002 1.173723506381646 0.07415568235247634
255.43 1.1736775554946561 0.07399490157073882
255.44000000000003 1.1736316082054497 0.07383427682830443
255.45000000000002 1.1735856645136036 0.07367380813339865
255.46 1.1735397244186958 0.07351349549424702
255.47000000000003 1.173493787920304 0.07335333891907639
255.48000000000002 1.1734478550180054 0.07319333841611232
255.49 1.1734019257113781 0.07303349399358025
255.50000000000003 1.1733560000000005 0.07287380565970711
255.51000000000002 1.1733100778834489 0.07271427342271836
255.52 1.1732641593613025 0.07255489729083958
255.53000000000003 1.1732182444331394 0.07239567727229762
255.54000000000002 1.1731723330985364 0.07223661337531796
255.55 1.173126425357073 0.07207770560812617
255.56 1.1730805212083268 0.07191895397894907
255.57000000000002 1.1730346206518762 0.07176035849601217
255.58 1.1729887236872996 0.07160191916754106
