tolteca/data/cal/toltec_passband/data/a1400_passband.ecsv
# %ECSV 0.9
# ---
# datatype:
# - {name: f, unit: GHz, datatype: float64, description: The frequency.}
# - {name: wl, unit: mm, datatype: float64, description: The wavelength.}
# - {name: throughput, datatype: float64, description: The throughput.}
# meta: !!omap
# - {name: a1400}
# - {name_long: TolTEC 1.4 mm array}
# - {index: 1}
# - {n_samples: 8538}
# - wl_center: !astropy.units.Quantity
#     unit: !astropy.units.Unit {unit: cm}
#     value: 0.13999999999999999
# - f_min: !astropy.units.Quantity
#     unit: &id001 !astropy.units.Unit {unit: GHz}
#     value: 186.29000000000002
# - f_max: !astropy.units.Quantity
#     unit: *id001
#     value: 271.66
# - f_step: !astropy.units.Quantity
#     unit: *id001
#     value: 0.01
# - f_range: !astropy.units.Quantity
#     unit: *id001
#     value: 85.37
# - wl_min: !astropy.units.Quantity
#     unit: &id002 !astropy.units.Unit {unit: mm}
#     value: 1.1035576014135315
# - wl_max: !astropy.units.Quantity
#     unit: *id002
#     value: 1.609278318750336
# - {wl_step: 29979245.8}
# - wl_range: !astropy.units.Quantity
#     unit: *id002
#     value: 0.5057207173368043
# - {generated_by: create_passband_table.py a1400}
# - {created_on: '2021-05-13T03:11:57.252'}
# - {version: v1.0.0}
# schema: astropy-2.0
f wl throughput
[from data line 6318]
249.47000000000003 1.2017174730428508 0.21496286800102338
249.48000000000002 1.2016693041526376 0.21467451275256053
249.49 1.2016211391238127 0.21438634734430767
249.50000000000003 1.201572977955912 0.21409837178125934
249.51000000000002 1.201524820648471 0.21381058606840728
249.52 1.201476667201026 0.21352299021074347
249.53000000000003 1.2014285176131125 0.21323558421326202
249.54000000000002 1.2013803718842673 0.21294836808095488
249.55 1.2013322300140252 0.21266134181881396
249.56 1.2012840920019234 0.21237450543183345
249.57000000000002 1.2012359578474978 0.21208785892500534
249.58 1.2011878275502847 0.2118014023033212
249.59 1.2011397011098202 0.21151513557177556
249.60000000000002 1.201091578525641 0.21122905873536021
249.61 1.2010434597972837 0.21094317179906716
249.62 1.200995344924285 0.21065747476789037
249.63000000000002 1.2009472339061813 0.21037196764682198
249.64000000000001 1.2008991267425093 0.2100866504408546
249.65 1.200851023432806 0.20980152315497996
249.66000000000003 1.2008029239766083 0.2095165857941925
249.67000000000002 1.200754828373453 0.20923183836348402
249.68 1.2007067366228772 0.2089472808678464
249.69000000000003 1.2006586487244184 0.20866291331227382
249.70000000000002 1.2006105646776133 0.2083787357017583
249.71 1.200562484481999 0.2080947480412915
249.72000000000003 1.2005144081371137 0.20781095033586788
249.73000000000002 1.200466335642494 0.20752734259047917
249.74 1.200418266997678 0.2072439248101174
249.75000000000003 1.2003702022022023 0.2069606969997768
249.76000000000002 1.2003221412556055 0.20667765916444905
249.77 1.2002740841574249 0.2063948113091262
249.78000000000003 1.2002260309071984 0.20611215343880251
249.79000000000002 1.2001779815044638 0.20582968555846975
249.8 1.200129935948759 0.20554740767311988
249.81 1.2000818942396225 0.20526531978774698
249.82000000000002 1.2000338563765913 0.20498342190734328
249.83 1.1999858223592041 0.20470171403690046
249.84 1.1999377921869996 0.2044201961814126
249.85000000000002 1.1998897658595158 0.20413886834587158
249.86 1.1998417433762907 0.20385773053526968
249.87 1.199793724736863 0.20357692905670338
249.88000000000002 1.1997457099407716 0.20329884123399317
249.89000000000001 1.1996976989875547 0.20302093603574384
249.9 1.1996496918767507 0.20274321347462534
249.91000000000003 1.199601688607899 0.20246567356331016
249.92000000000002 1.1995536891805378 0.20218831631446815
249.93 1.1995056935942063 0.20191114174076927
249.94000000000003 1.1994577018484438 0.20163414985488598
249.95000000000002 1.1994097139427888 0.20135734066948824
249.96 1.1993617298767802 0.20108071419724602
249.97000000000003 1.1993137496499582 0.20080427045083185
249.98000000000002 1.1992657732618615 0.20052800944291538
249.99 1.1992178007120284 0.2002519311861669
250.00000000000003 1.1991698320000002 0.19997603569325875
250.01000000000002 1.1991218671253152 0.19970032297686077
250.02 1.1990739060875129 0.1994247930496431
250.03000000000003 1.1990259488861335 0.1991494459242779
250.04000000000002 1.1989779955207167 0.19887428161343557
250.05 1.1989300459908019 0.19859930012978566
250.06 1.198882100295929 0.19832450148600084
250.07000000000002 1.1988341584356383 0.19804988569475085
250.08 1.198786220409469 0.1977754527687059
250.09 1.198738286216962 0.1975012027205383
250.10000000000002 1.198690355857657 0.19722713556291802
250.11 1.1986424293310942 0.19695325130851507
250.12 1.1985945066368144 0.1966795499700017
250.13000000000002 1.1985465877743573 0.19640603156004804
250.14000000000001 1.198498672743264 0.19613269609132486
250.15 1.1984507615430742 0.19585954357650215
250.16000000000003 1.1984028541733291 0.19558657402825227
250.17000000000002 1.1983549506335693 0.1953137874592451
250.18 1.1983070509233353 0.19504118388215075
250.19000000000003 1.198259155042168 0.1947687633096417
250.20000000000002 1.1982112629896084 0.19449652575438772
250.21 1.1981633747651976 0.1942244712290588
250.22000000000003 1.1981154903684759 0.19395259974632756
250.23000000000002 1.198067609798985 0.19368091131886378
250.24 1.1980197330562659 0.19340940595933756
250.25000000000003 1.1979718601398603 0.19313808368042115
250.26000000000002 1.197923991049309 0.19286694449478461
250.27 1.197876125784153 0.1925959884150981
250.28000000000003 1.1978282643439346 0.1923252154540336
250.29000000000002 1.1977804067281954 0.19205462562426145
250.3 1.1977325529364766 0.19178421893845143
250.31 1.1976847029683193 0.19151399540927602
250.32000000000002 1.1976368568232667 0.1912439550494052
250.33 1.1975890145008588 0.190974097871509
250.34 1.1975411760006391 0.1907044238882597
250.35000000000002 1.1974933413221491 0.19043493311232734
250.36 1.1974455104649304 0.1901656255563819
250.37 1.1973976834285258 0.1898965012330957
250.38000000000002 1.197349860212477 0.18962756015513876
250.39000000000001 1.1973020408163266 0.1893588023351821
250.4 1.1972542252396168 0.18909022778589538
250.41000000000003 1.1972064134818898 0.188821836519951
250.42000000000002 1.1971586055426888 0.18855362855001903
250.43 1.1971108014215552 0.1882856038887696
250.44000000000003 1.1970630011180325 0.1880177625488748
250.45000000000002 1.1970152046316636 0.18775010454300495
250.46 1.1969674119619902 0.18748262988382985
250.47000000000003 1.1969196231085562 0.1872153385840219
250.48000000000002 1.196871838070904 0.18694823065625094
250.49 1.1968240568485768 0.18668130611318717
250.50000000000003 1.1967762794411179 0.1864145649675029
250.51000000000002 1.1967285058480703 0.18614800723186814
250.52 1.1966807360689764 0.18588163291895282
250.53000000000003 1.1966329701033809 0.18561544204142938
250.54000000000002 1.1965852079508263 0.18534943461196757
250.55 1.196537449610856 0.1850836106432378
250.56 1.196489695083014 0.18481797014791213
250.57000000000002 1.1964419443668437 0.18455251313866067
250.58 1.1963941974618884 0.1842872396281536
250.59 1.1963464543676925 0.18402214962906285
250.60000000000002 1.196298715083799 0.18375724315405856
250.61 1.1962509796097522 0.18349252021581103
250.62 1.1962032479450961 0.18322798082699232
250.63000000000002 1.196155520089375 0.18296362500027252
250.64000000000001 1.1961077960421322 0.18269945274832225
250.65 1.1960600758029125 0.18243546408381184
250.66000000000003 1.19601235937126 0.18217165901941343
250.67000000000002 1.1959646467467193 0.18190803756779705
250.68 1.1959169379288335 0.1816445997416326
250.69000000000003 1.195869232917149 0.18138134555359262
250.70000000000002 1.1958215317112089 0.18111827501634697
250.71 1.195773834310558 0.18085538814256583
250.72000000000003 1.1957261407147417 0.1805926849449213
250.73000000000002 1.195678450923304 0.18033016543608363
250.74 1.19563076493579 0.1800678296287226
250.75000000000003 1.1955830827517453 0.17980567753551072
250.76000000000002 1.1955354043707132 0.17954370916911788
250.77 1.19548772979224 0.17928192454221423
250.78000000000003 1.1954400590158705 0.17902032366747192
250.79000000000002 1.1953923920411502 0.17875890655756113
250.8 1.195344728867624 0.17849767322515167
250.81 1.1952970694948366 0.17823662368291612
250.82000000000002 1.1952494139223349 0.17797959129246538
250.83 1.1952017621496631 0.17772864605002225
250.84 1.1951541141763675 0.17746511923629488
250.85000000000002 1.1951064700019933 0.17719464040181107
250.86 1.1950588296260862 0.17692436174711634
250.87 1.1950111930481924 0.17665428328597085
250.88000000000002 1.1949635602678577 0.1763844050321325
250.89000000000001 1.194915931284627 0.17611472699935976
250.9 1.194868306098047 0.17584524920141067
250.91000000000003 1.1948206847076643 0.17557597165204542
250.92000000000002 1.1947730671130243 0.17530689436502178
250.93 1.194725453313673 0.1750380173540977
250.94000000000003 1.1946778433091576 0.1747693406330334
250.95000000000002 1.1946302370990238 0.17450086421558672
250.96 1.1945826346828181 0.17423258811551556
250.97000000000003 1.194535036060087 0.17396451234657997
250.98000000000002 1.194487441230377 0.17369663692253798
250.99 1.194439850193235 0.17342896185714743
251.00000000000003 1.1943922629482073 0.17316148716416854
251.01000000000002 1.194344679494841 0.17289421285735904
251.02 1.1942970998326827 0.17262713895047702
251.03000000000003 1.1942495239612796 0.1723602654572825
251.04000000000002 1.1942019518801785 0.17209359239153338
251.05 1.1941543835889268 0.17182711976698767
251.06 1.1941068190870712 0.17156084759740545
251.07000000000002 1.1940592583741587 0.17129477589654463
251.08 1.1940117014497371 0.17102890467816295
251.09 1.1939641483133538 0.17076323395602075
251.10000000000002 1.1939165989645564 0.1704977637438759
251.11 1.1938690534028913 0.17023249405548632
251.12 1.193821511627907 0.16996742490461197
251.13000000000002 1.1937739736391513 0.16970255630501097
251.14000000000001 1.1937264394361713 0.16943788827044187
251.15 1.193678909018515 0.1691734208146626
251.16000000000003 1.1936313823857303 0.16890915395143313
251.17000000000002 1.1935838595373653 0.16864508769451167
251.18 1.1935363404729675 0.16838122205765593
251.19000000000003 1.1934888251920859 0.168117557054626
251.20000000000002 1.1934413136942679 0.1678540926991799
251.21 1.1933938059790616 0.16759082900507558
251.22000000000003 1.1933463020460158 0.16732776598607293
251.23000000000002 1.1932988018946782 0.1670649036559302
251.24 1.1932513055245981 0.1668022420284049
251.25000000000003 1.1932038129353235 0.1665397811172575
251.26000000000002 1.1931563241264032 0.16627752093624573
251.27 1.1931088390973854 0.16601546149912755
251.28000000000003 1.193061357847819 0.16575360281966314
251.29000000000002 1.1930138803772534 0.1654919449116102
251.3 1.1929664066852368 0.16523048778872687
251.31 1.1929189367713187 0.16496923146477316
251.32000000000002 1.1928714706350474 0.16470817595350704
251.33 1.1928240082759718 0.1644473212686863
251.34 1.1927765496936422 0.16418666742407126
251.35000000000002 1.192729094887607 0.16392621443341965
251.36 1.1926816438574157 0.1636659623104894
251.37 1.1926341966026175 0.1634059110690408
251.38000000000002 1.1925867531227625 0.1631460607228316
251.39000000000001 1.1925393134173998 0.1628864112856204
251.4 1.1924918774860782 0.1626269627711652
251.41000000000003 1.1924444453283485 0.16236771519322626
251.42000000000002 1.1923970169437594 0.16210866856556125
251.43 1.1923495923318619 0.1618498229019281
251.44000000000003 1.192302171492205 0.16159117821608715
251.45000000000002 1.192254754424339 0.16133273452179606
251.46 1.1922073411278136 0.16107449183281286
251.47000000000003 1.1921599316021791 0.16081623485726584
251.48000000000002 1.1921125258469862 0.16055815647036356
251.49 1.1920651238617839 0.16030027990416063
251.50000000000003 1.1920177256461233 0.1600426051714725
251.51000000000002 1.1919703311995549 0.15978513228511257
251.52 1.1919229405216285 0.1595278612578941
251.53000000000003 1.1918755536118952 0.15927079210263248
251.54000000000002 1.1918281704699056 0.15901392483214125
251.55 1.1917807910952096 0.1587572594592334
251.56 1.191733415487359 0.1585007959967246
251.57000000000002 1.1916860436459038 0.15824453445742814
251.58 1.1916386755703954 0.1579884748541572
251.59 1.1915913112603842 0.15773261719972734
251.60000000000002 1.1915439507154215 0.15747696150695192
251.61 1.1914965939350586 0.15722150778864416
251.62 1.1914492409188462 0.15696625605761946
251.63000000000002 1.1914018916663358 0.15671120632669125
251.64000000000001 1.1913545461770785 0.15645635860867355
251.65 1.1913072044506259 0.15620171291637955
251.66000000000003 1.1912598664865295 0.15594726926262478
251.67000000000002 1.1912125322843408 0.15569302766022255
251.68 1.191165201843611 0.15543898812198614
251.69000000000003 1.1911178751638922 0.15518515066073107
251.70000000000002 1.1910705522447358 0.15493151528927057
251.71 1.1910232330856938 0.154678082020418
251.72000000000003 1.1909759176863184 0.15442485086698887
251.73000000000002 1.1909286060461608 0.1541718218417963
251.74 1.1908812981647732 0.15391899495765374
251.75000000000003 1.190833994041708 0.15366637022737661
251.76000000000002 1.1907866936765177 0.1534139476637783
251.77 1.1907393970687532 0.15316172727967195
251.78000000000003 1.1906921042179681 0.15290970908787313
251.79000000000002 1.1906448151237143 0.15265789310119515
251.8 1.190597529785544 0.1524062793324513
251.81 1.1905502482030104 0.15215486779445705
251.82000000000002 1.190502970375665 0.1519036585000256
251.83 1.1904556963030617 0.15165265146197043
251.84 1.1904084259847523 0.15140184669310683
251.85000000000002 1.1903611594202899 0.15115124420624823
251.86 1.1903138966092273 0.1509008440142079
251.87 1.1902666375511177 0.15065064612980128
251.88000000000002 1.1902193822455138 0.15040065056584168
251.89000000000001 1.1901721306919693 0.1501508573351431
251.9 1.1901248828900357 0.14990126645051902
251.91000000000003 1.190077638839268 0.14965187792478454
251.92000000000002 1.1900303985392189 0.1494026917707533
251.93 1.1899831619894414 0.14915370800123856
251.94000000000003 1.1899359291894898 0.14890492662905563
251.95000000000002 1.1898887001389165 0.1486563476670178
251.96 1.1898414748372756 0.1484079711279386
251.97000000000003 1.1897942532841213 0.14815979702463333
251.98000000000002 1.1897470354790063 0.1479118253699153
251.99 1.189699821421485 0.14766405617659784
252.00000000000003 1.1896526111111112 0.14741648945749636
252.01000000000002 1.1896054045474387 0.14716912522542425
252.02 1.1895582017300215 0.14692196349319483
252.03000000000003 1.1895110026584137 0.14667500427362345
252.04000000000002 1.18946380733217 0.14642824757952347
252.05 1.189416615750843 0.14618169342370824
252.06 1.1893694279139888 0.14593534181899318
252.07000000000002 1.189322243821161 0.14568919277819156
252.08 1.1892750634719138 0.14544324631411673
252.09 1.189227886865802 0.14519750243958415
252.10000000000002 1.1891807140023802 0.14495196116740705
252.11 1.1891335448812026 0.14470662251039895
252.12 1.1890863795018245 0.14446148648137502
252.13000000000002 1.1890392178638005 0.14421655309314876
252.14000000000001 1.1889920599666852 0.14397182235853417
252.15 1.1889449058100336 0.14372729429034448
252.16000000000003 1.1888977553934013 0.14348296890139517
252.17000000000002 1.1888506087163422 0.1432388462044996
252.18 1.1888034657784121 0.142994926212471
252.19000000000003 1.1887563265791667 0.1427512089381249
252.20000000000002 1.1887091911181604 0.1425076943942747
252.21 1.1886620593949486 0.1422643825937334
252.22000000000003 1.1886149314090875 0.14202127354931676
252.23000000000002 1.188567807160132 0.1417783672738379
252.24 1.1885206866476372 0.1415356637801103
252.25000000000003 1.1884735698711597 0.14129316308094927
252.26000000000002 1.1884264568302547 0.14105086518916807
252.27 1.1883793475244777 0.14080877011758022
252.28000000000003 1.188332241953385 0.14056687787900096
252.29000000000002 1.1882851401165326 0.14032518848624376
252.3 1.188238042013476 0.1400837019521218
252.31 1.1881909476437715 0.13984241828945063
252.32000000000002 1.1881438570069753 0.1396013375110435
252.33 1.1880967701026433 0.13936045962971383
252.34 1.188049686930332 0.13911978465827676
252.35000000000002 1.188002607489598 0.13887065836740442
252.36 1.1879555317799968 0.1386142775831147
252.37 1.1879084598010858 0.13835812655151417
252.38000000000002 1.187861391552421 0.13810220528706996
252.39000000000001 1.1878143270335593 0.13784651380424986
252.4 1.187767266244057 0.13759105211752073
252.41000000000003 1.1877202091834715 0.13733582024135196
252.42000000000002 1.187673155851359 0.1370808181902103
252.43 1.1876261062472764 0.136826045978563
252.44000000000003 1.1875790603707812 0.13657150362087916
252.45000000000002 1.18753201822143 0.13631719113162585
252.46 1.18748497979878 0.13606310852527015
252.47000000000003 1.1874379451023884 0.13580925581628098
252.48000000000002 1.1873909141318129 0.13555563301912563
252.49 1.1873438868866093 0.13530224014827108
252.50000000000003 1.1872968633663368 0.13504907721818638
252.51000000000002 1.187249843570552 0.13479614424333874
