tolteca/data/cal/toltec_passband/data/a1400_passband.ecsv
# %ECSV 0.9
# ---
# datatype:
# - {name: f, unit: GHz, datatype: float64, description: The frequency.}
# - {name: wl, unit: mm, datatype: float64, description: The wavelength.}
# - {name: throughput, datatype: float64, description: The throughput.}
# meta: !!omap
# - {name: a1400}
# - {name_long: TolTEC 1.4 mm array}
# - {index: 1}
# - {n_samples: 8538}
# - wl_center: !astropy.units.Quantity
#     unit: !astropy.units.Unit {unit: cm}
#     value: 0.13999999999999999
# - f_min: !astropy.units.Quantity
#     unit: &id001 !astropy.units.Unit {unit: GHz}
#     value: 186.29000000000002
# - f_max: !astropy.units.Quantity
#     unit: *id001
#     value: 271.66
# - f_step: !astropy.units.Quantity
#     unit: *id001
#     value: 0.01
# - f_range: !astropy.units.Quantity
#     unit: *id001
#     value: 85.37
# - wl_min: !astropy.units.Quantity
#     unit: &id002 !astropy.units.Unit {unit: mm}
#     value: 1.1035576014135315
# - wl_max: !astropy.units.Quantity
#     unit: *id002
#     value: 1.609278318750336
# - {wl_step: 29979245.8}
# - wl_range: !astropy.units.Quantity
#     unit: *id002
#     value: 0.5057207173368043
# - {generated_by: create_passband_table.py a1400}
# - {created_on: '2021-05-13T03:11:57.252'}
# - {version: v1.0.0}
# schema: astropy-2.0
f wl throughput
[from data line 5386]
240.15 1.2483550197793045 0.5199658896965981
240.16000000000003 1.24830303964024 0.5196753528371431
240.17000000000002 1.2482510638297872 0.5193848637511919
240.18 1.2481990923474062 0.5190944224406105
240.19000000000003 1.248147125192556 0.5188040289072666
240.20000000000002 1.248095162364696 0.5185136831530257
240.21 1.2480432038632867 0.5182233851797536
240.22000000000003 1.2479912496877865 0.5179331349893183
240.23000000000002 1.2479392998376557 0.5176429325835855
240.24 1.2478873543123543 0.5173527779644205
240.25000000000003 1.2478354131113423 0.5170626711336919
240.26000000000002 1.2477834762340798 0.5167714497640611
240.27 1.2477315436800265 0.5164783124943698
240.28 1.2476796154486431 0.516176458686244
240.29000000000002 1.24762769153939 0.515846455307984
240.3 1.247575771951727 0.515516510658068
240.31 1.2475238566851152 0.5151866247387693
240.32000000000002 1.2474719457390149 0.5148567975523585
240.33 1.2474200391128865 0.5145239537287166
240.34 1.247368136806191 0.5141910652326793
240.35000000000002 1.24731623881839 0.5138582396268514
240.36 1.2472643451489431 0.5135254769122718
240.37 1.2472124557973125 0.513192777089982
240.38000000000002 1.2471605707629587 0.5128601401610208
240.39000000000001 1.2471086900453432 0.5125275661264275
240.4 1.2470568136439268 0.5121950549872407
240.41000000000003 1.2470049415581717 0.5118626067445021
240.42000000000002 1.2469530737875387 0.5115302213992504
240.43 1.2469012103314894 0.5111978989525242
240.44000000000003 1.246849351189486 0.5108656394053649
240.45000000000002 1.2467974963609898 0.5105334427588113
240.46 1.2467456458454629 0.5102013090139019
240.47000000000003 1.2466937996423673 0.5098692381716785
240.48000000000002 1.2466419577511645 0.5095372302331794
240.49 1.2465901201713168 0.5092052851994431
240.50000000000003 1.2465382869022867 0.5088734030715114
240.51000000000002 1.2464864579435369 0.5085415838504234
240.52 1.2464346332945286 0.508209827537217
240.53 1.246382812954725 0.5078781341329338
240.54000000000002 1.2463309969235887 0.5075465036386128
240.55 1.246279185200582 0.5072149360552924
240.56 1.2462273777851678 0.5068834313840143
240.57000000000002 1.2461755746768093 0.5065519896258169
240.58 1.2461237758749688 0.506220610781739
240.59 1.2460719813791097 0.5058892948528222
240.60000000000002 1.246020191188695 0.5055580418401052
240.61 1.2459684053031879 0.5052268517446263
240.62 1.2459166237220514 0.5048957245674272
240.63000000000002 1.2458648464447493 0.5045646603095464
240.64000000000001 1.2458130734707449 0.5042336589720238
240.65 1.2457613047995013 0.5039027205558976
240.66000000000003 1.245709540430483 0.5035718450622099
240.67000000000002 1.245657780363153 0.503241032491999
240.68 1.2456060245969753 0.5029102828463035
240.69000000000003 1.245554273131414 0.5025795961261651
240.70000000000002 1.2455025259659331 0.5022489723326223
240.71 1.2454507830999961 0.501918411466714
240.72000000000003 1.2453990445330676 0.5015879135294813
240.73000000000002 1.245347310264612 0.5012574785219629
240.74 1.2452955802940933 0.5009271064451978
240.75000000000003 1.245243854620976 0.5005967973002272
240.76000000000002 1.245192133244725 0.5002665510880898
240.77 1.2451404161648045 0.49993636780982453
240.78 1.2450887033806795 0.4996062474664726
240.79000000000002 1.2450369948918147 0.49927619005907287
240.8 1.2449852906976744 0.49894619558866354
240.81 1.2449335907977246 0.4986162640562868
240.82000000000002 1.2448818951914293 0.49828639546298026
240.83 1.2448302038782546 0.4979565898097838
240.84 1.244778516857665 0.4976268470977382
240.85000000000002 1.2447268341291262 0.4972971673278823
240.86 1.2446751556921034 0.4969675505012546
240.87 1.2446234815460622 0.49663799661889696
240.88000000000002 1.2445718116904687 0.49630850568184753
240.89000000000001 1.2445201461247875 0.49597907769114646
240.9 1.2444684848484848 0.49564971264783186
240.91000000000003 1.244416827861027 0.49532041055294534
240.92000000000002 1.2443651751618796 0.4949911714075261
240.93 1.2443135267505083 0.49466199521261217
240.94000000000003 1.2442618826263805 0.4943328819692454
240.95000000000002 1.2442102427889605 0.494003831678464
240.96 1.2441586072377158 0.4936748443413072
240.97000000000003 1.2441069759721128 0.4933459199588164
240.98000000000002 1.2440553489916177 0.49301705853202954
240.99 1.2440037262956973 0.4926882600619859
241.00000000000003 1.2439521078838174 0.49235952454972726
241.01000000000002 1.243900493755446 0.4920308519962916
241.02 1.243848883910049 0.49170224240271815
241.03 1.2437972783470936 0.49137369577004797
241.04000000000002 1.243745677066047 0.49104521209931984
241.05 1.2436940800663763 0.4907167913915728
241.06 1.2436424873475482 0.4903884336478475
241.07000000000002 1.2435908989090307 0.4900601388691834
241.08 1.2435393147502904 0.48973190705661857
241.09 1.2434877348707953 0.48940373821119504
241.10000000000002 1.2434361592700127 0.48907563233395096
241.11 1.24338458794741 0.48874758942592555
241.12 1.2433330209024551 0.4884196094881598
241.13000000000002 1.2432814581346163 0.4880916925216926
241.14000000000001 1.2432298996433608 0.48776383852756316
241.15 1.2431783454281566 0.487436047506811
241.16000000000003 1.2431267954884726 0.4871083194604768
241.17000000000002 1.243075249823776 0.4867806543895998
241.18 1.2430237084335352 0.48645305229521774
241.19000000000003 1.242972171317219 0.48612551317837344
241.20000000000002 1.2429206384742957 0.4857980370401044
241.21 1.2428691099042328 0.48547062388145
241.22000000000003 1.2428175856065007 0.48514327370345106
241.23000000000002 1.2427660655805663 0.4848159865071469
241.24 1.2427145498258994 0.48448876229357585
241.25000000000003 1.2426630383419688 0.4841616010637795
241.26000000000002 1.2426115311282435 0.4838345028187964
241.27 1.242560028184192 0.48350746755966517
241.28 1.242508529509284 0.4831804952874279
241.29000000000002 1.2424570351029882 0.4828535860031221
241.3 1.2424055449647744 0.48252673970778737
241.31 1.2423540590941113 0.482199956402465
241.32000000000002 1.2423025774904692 0.4818732360881933
241.33 1.242251100153317 0.48154657876601137
241.34 1.2421996270821247 0.48121998443696035
241.35000000000002 1.2421481582763623 0.4808934531020792
241.36 1.2420966937354987 0.48056698476240634
241.37 1.2420452334590049 0.4802405794189835
241.38000000000002 1.2419937774463503 0.47991423707284886
241.39000000000001 1.241942325697005 0.4795879577250425
241.4 1.2418908782104394 0.4792617413766033
241.41000000000003 1.2418394349861233 0.4789355880285718
241.42000000000002 1.2417879960235276 0.47860949768198746
241.43 1.2417365613221223 0.47828347033788876
241.44000000000003 1.2416851308813786 0.4779575059973171
241.45000000000002 1.2416337047007666 0.47763160466131127
241.46 1.2415822827797565 0.47730576633090993
241.47000000000003 1.2415308651178203 0.4769799910071541
241.48000000000002 1.241479451714428 0.4766542786910829
241.49 1.2414280425690505 0.476328629383735
241.50000000000003 1.2413766376811597 0.47600304308615193
241.51000000000002 1.2413252370502257 0.47567751979937173
241.52 1.2412738406757204 0.4753520595244341
241.53 1.241222448557115 0.4750266622623796
241.54000000000002 1.241171060693881 0.47470132801424736
241.55 1.2411196770854895 0.47437605678107564
241.56 1.2410682977314125 0.47405084856390667
241.57000000000002 1.2410169226311216 0.47372570336377856
241.58 1.240965551784088 0.4734006211817297
241.59 1.2409141851897847 0.4730756020188023
241.60000000000002 1.2408628228476823 0.47275064587603455
241.61 1.2408114647572535 0.4724257527544651
241.62 1.2407601109179704 0.4721009226551357
241.63000000000002 1.2407087613293053 0.47177615557908475
241.64000000000001 1.2406574159907302 0.47145145152735196
241.65 1.2406060749017174 0.4711268105009762
241.66000000000003 1.2405547380617399 0.47080223250099834
241.67000000000002 1.2405034054702695 0.4704777175284576
241.68 1.2404520771267793 0.4701532655843926
241.69000000000003 1.240400753030742 0.46982887666984446
241.70000000000002 1.2403494331816303 0.46950455078585224
241.71 1.2402981175789167 0.4691802879334547
241.72000000000003 1.2402468062220755 0.4688560881136927
241.73000000000002 1.2401954991105781 0.46853195132760556
241.74 1.2401441962438984 0.4682078775762313
241.75000000000003 1.2400928976215098 0.46788386686061206
241.76000000000002 1.2400416032428856 0.4675599191817861
241.77 1.2399903131074987 0.4672335669623201
241.78 1.2399390272148232 0.4669005172065934
241.79000000000002 1.2398877455643327 0.46656754100727926
241.8 1.2398364681555005 0.46623463836558166
241.81 1.2397851949878007 0.46590180928270863
241.82000000000002 1.2397339260607068 0.46556905375986446
241.83 1.2396826613736927 0.4652363717982541
241.84 1.2396314009262324 0.46490376339908485
241.85000000000002 1.2395801447178003 0.4645712285635619
241.86 1.2395288927478705 0.4642387672928896
241.87 1.2394776450159177 0.46390637958827546
241.88000000000002 1.2394264015214158 0.46357406545092444
241.89000000000001 1.2393751622638391 0.46324182488204185
241.9 1.2393239272426626 0.46290965788283256
241.91000000000003 1.2392726964573604 0.4625775644545045
241.92000000000002 1.2392214699074078 0.4622440177928073
241.93 1.2391702475922786 0.4619101990008043
241.94000000000003 1.2391190295114491 0.4615764564948557
241.95000000000002 1.2390678156643937 0.46124279027522885
241.96 1.2390166060505867 0.46090920034219096
241.97000000000003 1.2389654006695046 0.46057568669601173
241.98000000000002 1.2389141995206217 0.46024224933695757
241.99 1.2388630026034133 0.4599088882652963
242.00000000000003 1.2388118099173555 0.4595756034812973
242.01000000000002 1.2387606214619231 0.4592423949852277
242.02 1.2387094372365919 0.4589092627773542
242.03 1.2386582572408382 0.4585762068579469
242.04000000000002 1.2386070814741368 0.4582432272272729
242.05 1.2385559099359638 0.45791032388559866
242.06 1.2385047426257954 0.4575774968331946
242.07000000000002 1.2384535795431075 0.45724474607032684
242.08 1.238402420687376 0.45691207159726344
242.09 1.2383512660580775 0.4565794734142735
242.10000000000002 1.2383001156546882 0.45624695152162426
242.11 1.2382489694766843 0.4559145059195826
242.12 1.238197827523542 0.45558213660841823
242.13000000000002 1.2381466897947386 0.4552498435883985
242.14000000000001 1.23809555628975 0.45491762685979076
242.15 1.2380444270080528 0.4545854864228625
242.16000000000003 1.2379933019491247 0.45425342227788335
242.17000000000002 1.2379421811124418 0.45392143442512034
242.18 1.2378910644974812 0.45358952286484006
242.19000000000003 1.2378399521037204 0.4532576875973132
242.20000000000002 1.237788843930636 0.4529259286228058
242.21 1.2377377399777052 0.4525942459415854
242.22000000000003 1.237686640244406 0.4522626395539219
242.23000000000002 1.2376355447302154 0.4519311094600815
242.24 1.2375844534346103 0.4515996556603319
242.25000000000003 1.2375333663570691 0.45126827815494275
242.26000000000002 1.2374822834970693 0.4509369769441809
242.27 1.2374312048540883 0.45060575202831354
242.28 1.2373801304276044 0.45027460340761044
242.29000000000002 1.2373290602170952 0.4499435310823384
242.3 1.2372779942220389 0.4496125350527642
242.31 1.2372269324419136 0.44928161531915833
242.32000000000002 1.237175874876197 0.44895077188178745
242.33 1.237124821524368 0.44862000474091823
242.34 1.2370737723859042 0.44828931389682075
242.35000000000002 1.237022727460285 0.4479586993497623
242.36 1.236971686746988 0.44762816110000936
242.37 1.2369206502454926 0.4472976991478316
242.38000000000002 1.236869617955277 0.4469673134934968
242.39000000000001 1.2368185898758202 0.4466221996473841
242.4 1.2367675660066006 0.44626036468973834
242.41000000000003 1.2367165463470982 0.4458986151110332
242.42000000000002 1.2366655308967909 0.4455369509115671
242.43 1.2366145196551581 0.44517537209163865
242.44000000000003 1.2365635126216796 0.44481387865155014
242.45000000000002 1.2365125097958347 0.4444524705915995
242.46 1.2364615111771013 0.4440911479120859
242.47000000000003 1.2364105167649608 0.4437299106133116
242.48000000000002 1.2363595265588916 0.4433687586955743
242.49 1.2363085405583734 0.4430076921591735
242.50000000000003 1.2362575587628866 0.44264671100441094
242.51000000000002 1.2362065811719105 0.44228581523158483
242.52 1.236155607784925 0.4419250048409946
242.53 1.23610463860141 0.44156427983294166
242.54000000000002 1.236053673620846 0.44120364020772435
242.55 1.2360027128427127 0.4408430859656419
242.56 1.2359517562664908 0.4404826171069965
242.57000000000002 1.2359008038916603 0.44012223363208586
242.58 1.2358498557177013 0.439761935541209
242.59 1.2357989117440948 0.43940172283466833
242.60000000000002 1.2357479719703217 0.43904159551276195
242.61 1.2356970363958617 0.4386815535757891
242.62 1.2356461050201963 0.4383215970240511
242.63000000000002 1.2355951778428065 0.4379617258578468
242.64000000000001 1.2355442548631719 0.43760194007747605
242.65 1.2354933360807747 0.43724223968323744
242.66000000000003 1.2354424214950965 0.436882624675433
242.67000000000002 1.2353915111056168 0.43652309505436127
242.68 1.235340604911818 0.4361636508203205
242.69000000000003 1.2352897029131815 0.4358042919736133
242.70000000000002 1.2352388051091883 0.4354450185145384
242.71 1.2351879114993203 0.43508583044339355
242.72000000000003 1.235137022083059 0.43472672776048166
242.73000000000002 1.2350861368598856 0.43436771046610084
242.74 1.2350352558292825 0.43400877856054976
242.75000000000003 1.234984378990731 0.4336499320441305
242.76000000000002 1.2349335063437143 0.43329117091714175
242.77 1.2348826378877125 0.43293249517988225
242.78 1.2348317736222094 0.43257390483265357
242.79000000000002 1.234780913546687 0.43221539987575464
242.8 1.2347300576606262 0.4318569803094837
242.81 1.2346792059635106 0.43149864613414357
242.82000000000002 1.234628358454823 0.43114039735003196
242.83 1.2345775151340443 0.430782233957448
242.84 1.2345266760006588 0.4304241559566936
242.85000000000002 1.2344758410541488 0.4300661633480673
242.86 1.2344250102939964 0.42970825613186786
242.87 1.2343741837196853 0.4293504343083973
242.88000000000002 1.2343233613306985 0.42899269787795374
242.89000000000001 1.2342725431265185 0.42863504684083775
242.9 1.2342217291066284 0.4282774811973471
242.91000000000003 1.234170919270512 0.42792000094778443
242.92000000000002 1.2341201136176523 0.42756260609244806
242.93 1.2340693121475321 0.42720529663163703
242.94000000000003 1.234018514859636 0.4268480725656526
242.95000000000002 1.2339677217534475 0.42649093389479387
242.96 1.2339169328284492 0.4261338806193594
242.97000000000003 1.2338661480841258 0.4257769127396511
242.98000000000002 1.2338153675199608 0.42542003025596764
242.99 1.2337645911354378 0.4250632331686076
243.00000000000003 1.2337138189300412 0.4247065214778729
243.01000000000002 1.2336630509032551 0.4243498951840625
243.02 1.2336122870545634 0.4239933542874751
243.03 1.2335615273834506 0.42363689878841215
243.04000000000002 1.2335107718894014 0.4232805286871723
243.05 1.2334600205718989 0.4229242439840547
243.06 1.2334092734304287 0.4225680446793607
243.07000000000002 1.2333585304644754 0.4222119307733896
243.08 1.2333077916735231 0.42185590226643954
243.09 1.233257057057057 0.42149995915881255
243.10000000000002 1.233206326614562 0.42114410145080755
243.11 1.2331556003455229 0.4207883291427229
243.12 1.2331048782494243 0.4204326422348608
243.13000000000002 1.2330541603257517 0.42007704072751956
243.14000000000001 1.2330034465739905 0.4197215246209991
243.15 1.2329527369936253 0.41936609391559815
243.16000000000003 1.2329020315841424 0.41901074861161836
243.17000000000002 1.2328513303450264 0.4186554887093586
243.18 1.2328006332757628 0.4183003142091178
243.19000000000003 1.232749940375838 0.41794522511119764
243.20000000000002 1.232699251644737 0.4175902214158964
243.21 1.2326485670819456 0.4172353031235134
243.22000000000003 1.2325978866869503 0.41688047023434976
243.23000000000002 1.2325472104592363 0.4165257227487053
243.24 1.2324965383982898 0.41617106066687753
