tolteca/data/cal/toltec_passband/data/a1400_passband.ecsv
# %ECSV 0.9
# ---
# datatype:
# - {name: f, unit: GHz, datatype: float64, description: The frequency.}
# - {name: wl, unit: mm, datatype: float64, description: The wavelength.}
# - {name: throughput, datatype: float64, description: The throughput.}
# meta: !!omap
# - {name: a1400}
# - {name_long: TolTEC 1.4 mm array}
# - {index: 1}
# - {n_samples: 8538}
# - wl_center: !astropy.units.Quantity
#     unit: !astropy.units.Unit {unit: cm}
#     value: 0.13999999999999999
# - f_min: !astropy.units.Quantity
#     unit: &id001 !astropy.units.Unit {unit: GHz}
#     value: 186.29000000000002
# - f_max: !astropy.units.Quantity
#     unit: *id001
#     value: 271.66
# - f_step: !astropy.units.Quantity
#     unit: *id001
#     value: 0.01
# - f_range: !astropy.units.Quantity
#     unit: *id001
#     value: 85.37
# - wl_min: !astropy.units.Quantity
#     unit: &id002 !astropy.units.Unit {unit: mm}
#     value: 1.1035576014135315
# - wl_max: !astropy.units.Quantity
#     unit: *id002
#     value: 1.609278318750336
# - {wl_step: 29979245.8}
# - wl_range: !astropy.units.Quantity
#     unit: *id002
#     value: 0.5057207173368043
# - {generated_by: create_passband_table.py a1400}
# - {created_on: '2021-05-13T03:11:57.252'}
# - {version: v1.0.0}
# schema: astropy-2.0
f wl throughput
[from data line 1254]
198.83 1.5077828194940401 0.8182139436803032
198.84 1.5077069905451619 0.8183955332616878
198.85000000000002 1.5076311692230326 0.8185771378869743
198.86 1.507555355526501 0.818758757555816
198.87 1.5074795494544178 0.8189403922678649
198.88000000000002 1.5074037510056322 0.8191220420227737
198.89000000000001 1.5073279601789937 0.8193037068201954
198.9 1.5072521769733533 0.819485386659784
198.91000000000003 1.5071764013875624 0.8196670815411903
198.92000000000002 1.5071006334204708 0.8198487914640675
198.93 1.5070248730709297 0.8200305164280698
198.94000000000003 1.5069491203377903 0.8202122564328483
198.95000000000002 1.5068733752199048 0.8203661340149089
198.96 1.5067976377161238 0.8205174704953828
198.97 1.5067219078253002 0.8206688184191785
198.98000000000002 1.5066461855462867 0.8208201777860287
198.99 1.5065704708779335 0.8209715485956647
199.0 1.5064947638190955 0.8211229308478192
199.01000000000002 1.5064190643686253 0.8212743245422242
199.02 1.5063433725253743 0.8214257296786117
199.03 1.5062676882881978 0.8215771462567139
199.04000000000002 1.5061920116559486 0.821728574276262
199.05 1.5061163426274804 0.8218800137369893
199.06 1.5060406812016478 0.8220314646386271
199.07000000000002 1.5059650273773049 0.8221829269809076
199.08 1.5058893811533052 0.8223344007635638
199.09 1.5058137425285048 0.8224858859863258
199.10000000000002 1.505738111501758 0.8226373826489274
199.11 1.5056624880719203 0.8227888907511002
199.12 1.5055868722378465 0.8229404102925758
199.13000000000002 1.5055112639983932 0.8230919412730866
199.14000000000001 1.5054356633524155 0.8232434836923647
199.15 1.5053600702987697 0.8233950375501422
199.16000000000003 1.5052844848363127 0.8235466028461511
199.17000000000002 1.5052089069639003 0.8236981795801233
199.18 1.5051333366803896 0.823849767751792
199.19000000000003 1.5050577739846378 0.8240013673608872
199.20000000000002 1.5049822188755027 0.8241529784071427
199.21 1.5049066713518402 0.8243046008902902
199.22 1.5048311314125087 0.8244562348100615
199.23000000000002 1.5047555990563672 0.8246078801661884
199.24 1.5046800742822726 0.8247595369584034
199.25 1.5046045570890845 0.8249112051864386
199.26000000000002 1.5045290474756603 0.8250628848500258
199.27 1.5044535454408592 0.8252145759488978
199.28 1.5043780509835407 0.8253662784827852
199.29000000000002 1.5043025641025642 0.8255179924514212
199.3 1.504227084796789 0.8256697178545385
199.31 1.5041516130650747 0.8258214546918671
199.32000000000002 1.5040761489062817 0.8259732029631405
199.33 1.5040006923192695 0.8261249626680909
199.34 1.5039252433028996 0.8262767338064501
199.35000000000002 1.5038498018560322 0.8264285163779496
199.36 1.503774367977528 0.8265803103823227
199.37 1.5036989416662485 0.8267321158192997
199.38000000000002 1.5036235229210555 0.8268839326886142
199.39000000000001 1.5035481117408096 0.8270357609899976
199.4 1.5034727081243733 0.8271876007231824
199.41000000000003 1.5033973120706086 0.8273394518879003
199.42000000000002 1.5033219235783777 0.8274913144838835
199.43 1.5032465426465427 0.8276431885108645
199.44000000000003 1.5031711692739673 0.8277950739685744
199.45000000000002 1.5030958034595139 0.8279469708567457
199.46 1.5030204452020455 0.828089354652702
199.47 1.5029450945004263 0.8281911901732758
199.48000000000002 1.5028697513535196 0.8282930253089688
199.49 1.5027944157601885 0.8283948600597604
199.5 1.5027190877192982 0.828496694425629
199.51000000000002 1.502643767229713 0.828598528406555
199.52 1.5025684542902966 0.8287003620025181
199.53 1.502493148899915 0.8288021952134972
199.54000000000002 1.5024178510574322 0.8289040280394714
199.55 1.5023425607617138 0.829005860480422
199.56 1.5022672780116255 0.8291076925363263
199.57000000000002 1.5021920028060332 0.8292095242071649
199.58 1.5021167351438018 0.8293113554929175
199.59 1.5020414750237987 0.8294131863935637
199.60000000000002 1.50196622244489 0.8295150169090814
199.61 1.5018909774059417 0.829616847039452
199.62 1.5018157399058212 0.8297186767846542
199.63000000000002 1.5017405099433956 0.8298205061446678
199.64000000000001 1.5016652875175318 0.8299223351194718
199.65 1.5015900726270974 0.830024163709046
199.66000000000003 1.5015148652709611 0.83012599191337
199.67000000000002 1.5014396654479896 0.830227819732423
199.68 1.5013644731570512 0.8303296471661851
199.69000000000003 1.5012892883970153 0.8304314742146348
199.70000000000002 1.5012141111667503 0.8305333008777526
199.71 1.5011389414651244 0.8306351271555178
199.72 1.5010637792910073 0.8307369530479091
199.73000000000002 1.5009886246432687 0.8308387785549066
199.74 1.500913477520777 0.8309406036764896
199.75 1.5008383379224028 0.8310424284126382
199.76000000000002 1.500763205847017 0.8311442527633313
199.77 1.5006880812934875 0.8312460767285489
199.78 1.5006129642606871 0.8313479003082694
199.79000000000002 1.5005378547474852 0.8314497235024736
199.8 1.5004627527527528 0.8315515463111399
199.81 1.5003876582753617 0.8316533687342489
199.82000000000002 1.500312571314183 0.8317551907717793
199.83 1.5002374918680879 0.831857012423711
199.84 1.500162419935949 0.8319588336900237
199.85000000000002 1.5000873555166376 0.8320606545706958
199.86 1.5000122986090263 0.8321624750657077
199.87 1.4999372492119878 0.8322642951750387
199.88000000000002 1.4998622073243948 0.8323661148986683
199.89000000000001 1.49978717294512 0.8324679342365762
199.9 1.4997121460730365 0.8325697531887424
199.91000000000003 1.4996371267070183 0.8326715717551444
199.92000000000002 1.4995621148459386 0.8327733899357637
199.93 1.4994871104886713 0.8328752077305795
199.94000000000003 1.4994121136340903 0.8329770251395704
199.95000000000002 1.4993371242810705 0.8330788421627165
199.96 1.4992621424284858 0.8331806587999975
199.97 1.4991871680752111 0.8332824750513924
199.98000000000002 1.4991122012201223 0.833384290916881
199.99 1.499037241862093 0.8334861063964426
200.0 1.4989622900000001 0.8335879214900568
200.01000000000002 1.4988873456327185 0.833689736197703
200.02 1.4988124087591241 0.8337915505193612
200.03 1.4987374793780932 0.8338933644550099
200.04000000000002 1.4986625574885026 0.8339951780046296
200.05 1.4985876430892278 0.8340969911681994
200.06 1.4985127361791464 0.8341988039456986
200.07000000000002 1.4984378367571352 0.8343006163371071
200.08 1.498362944822071 0.834402428342404
200.09 1.4982880603728321 0.8345042399615692
200.10000000000002 1.4982131834082961 0.8346060511945815
200.11 1.49813831392734 0.8347078620414218
200.12 1.4980634519288427 0.8348096725020683
200.13000000000002 1.4979885974116827 0.8349114825765004
200.14000000000001 1.497913750374738 0.8350132922646984
200.15 1.4978389108168875 0.8351151015666417
200.16000000000003 1.4977640787370106 0.8352169104823092
200.17000000000002 1.4976892541339863 0.8353187190116812
200.18 1.497614437006694 0.8354205271547365
200.19000000000003 1.4975396273540138 0.8355223349114552
200.20000000000002 1.4974648251748257 0.8356241422818163
200.21 1.497390030468009 0.8357259492657991
200.22 1.4973152432324444 0.8358277558633836
200.23000000000002 1.4972404634670131 0.8359295620745494
200.24 1.4971656911705953 0.8360307394162898
200.25 1.4970909263420724 0.8361317995994525
200.26000000000002 1.4970161689803256 0.8362328592048152
200.27 1.4969414190842365 0.8363339182323553
200.28 1.4968666766526866 0.8364349766820495
200.29000000000002 1.4967919416845576 0.8365360345538737
200.3 1.496717214178732 0.8366370918478059
200.31 1.4966424941340921 0.8367381485638213
200.32000000000002 1.4965677815495209 0.8368392047018974
200.33 1.4964930764239006 0.8369402602620118
200.34 1.4964183787561145 0.8370413152441399
200.35000000000002 1.4963436885450463 0.8371423696482596
200.36 1.4962690057895789 0.8372434234743462
200.37 1.496194330488596 0.8373444767223774
200.38000000000002 1.4961196626409827 0.83744552939233
200.39000000000001 1.4960450022456213 0.8375465814841806
200.4 1.4959703493013972 0.8376476329979058
200.41000000000003 1.4958957038071954 0.8377486839334822
200.42000000000002 1.4958210657619002 0.8378497342908868
200.43 1.4957464351643965 0.837950784070096
200.44000000000003 1.4956718120135701 0.8380518332710867
200.45000000000002 1.4955971963083066 0.8381528818938361
200.46 1.4955225880474907 0.8382539299383202
200.47 1.4954479872300095 0.8383549774045167
200.48000000000002 1.4953733938547489 0.8384560242924011
200.49 1.4952988079205944 0.8385570706019508
200.5 1.4952242294264342 0.8386581163331429
200.51000000000002 1.4951496583711537 0.8387591614859534
200.52 1.4950750947536404 0.8388602060603597
200.53 1.495000538572782 0.8389612500563378
200.54000000000002 1.494925989827466 0.8390465940138083
200.55 1.4948514485165796 0.8391270931368567
200.56 1.494776914639011 0.8392075917840706
200.57000000000002 1.4947023881936483 0.8392880899554319
200.58 1.4946278691793797 0.8393685876509203
200.59 1.4945533575950944 0.8394490848705183
200.60000000000002 1.4944788534396811 0.8395295816142073
200.61 1.4944043567120284 0.839610077881969
200.62 1.4943298674110257 0.8396905736737837
200.63000000000002 1.4942553855355631 0.8397710689896335
200.64000000000001 1.4941809110845297 0.8398515638294992
200.65 1.4941064440568155 0.8399320581933635
200.66000000000003 1.4940319844513108 0.8400125520812063
200.67000000000002 1.493957532266906 0.8400930454930094
200.68 1.4938830875024918 0.8401735384287545
200.69000000000003 1.4938086501569585 0.8402540308884228
200.70000000000002 1.4937342202291979 0.8403345228719955
200.71 1.4936597977181008 0.8404150143794541
200.72 1.4935853826225591 0.8404955054107806
200.73000000000002 1.493510974941464 0.8405759959659548
200.74 1.4934365746737075 0.8406564860449597
200.75 1.493362181818182 0.840736975647775
200.76000000000002 1.4932877963737798 0.8408174647743837
200.77 1.4932134183393933 0.8408979534247667
200.78 1.493139047713916 0.8409784415989047
200.79000000000002 1.49306468449624 0.8410589292967797
200.8 1.4929903286852593 0.8411394165183733
200.81 1.4929159802798664 0.8412199032636662
200.82000000000002 1.4928416392789565 0.8413003895326399
200.83 1.4927673056814221 0.8413808753252761
200.84 1.492692979486158 0.8414613606415563
200.85000000000002 1.492618660692059 0.8415418454814612
200.86 1.4925443492980186 0.8416223298449726
200.87 1.4924700453029323 0.8417028137320719
200.88000000000002 1.4923957487056951 0.8417832971427402
200.89000000000001 1.4923214595052021 0.8418637800769591
200.9 1.4922471777003485 0.84194426253471
200.91000000000003 1.4921729032900306 0.8420247445159743
200.92000000000002 1.4920986362731439 0.8421052260207332
200.93 1.4920243766485841 0.842185707048968
200.94000000000003 1.4919501244152484 0.8422661876006605
200.95000000000002 1.491875879572033 0.842346667675791
200.96 1.4918016421178344 0.8424271472743425
200.97 1.49172741205155 0.8425057025406238
200.98000000000002 1.491653189372077 0.8425637575172126
200.99 1.4915789740783123 0.842621807958265
201.0 1.4915047661691543 0.8426798538638621
201.01000000000002 1.4914305656435005 0.8427378952340834
201.02 1.4913563725002486 0.84279593206901
201.03 1.4912821867382977 0.8428539643687218
201.04000000000002 1.491208008356546 0.8429119921332998
201.05 1.491133837353892 0.8429700153628236
201.06 1.491059673729235 0.8430280340573739
201.07000000000002 1.4909855174814743 0.8430860482170316
201.08 1.4909113686095088 0.8431440578418771
201.09 1.4908372271122383 0.8432020629319897
201.10000000000002 1.4907630929885631 0.8432600634874503
201.11 1.4906889662373826 0.8433180595083395
201.12 1.4906148468575975 0.8433760509947382
201.13000000000002 1.4905407348481083 0.8434340379467259
201.14000000000001 1.4904666302078156 0.8434920203643831
201.15 1.4903925329356202 0.8435499982477911
201.16000000000003 1.4903184430304237 0.8436079715970293
201.17000000000002 1.490244360491127 0.8436659404121784
201.18 1.4901702853166319 0.8437239046933188
201.19000000000003 1.49009621750584 0.8437818644405309
201.20000000000002 1.4900221570576544 0.8438398196538952
201.21 1.4899481039709754 0.843897770333492
201.22 1.4898740582447072 0.8439557164794016
201.23000000000002 1.4898000198777521 0.8440136580917044
201.24 1.4897259888690122 0.8440715951704808
201.25 1.4896519652173914 0.8441295277158118
201.26000000000002 1.4895779489217928 0.8441874557277766
201.27 1.4895039399811199 0.8442453792064567
201.28 1.4894299383942766 0.844303298151932
201.29000000000002 1.4893559441601671 0.8443612125642824
201.3 1.489281957277695 0.8444191224435894
201.31 1.4892079777457652 0.8444770277899328
201.32000000000002 1.4891340055632825 0.8445349286033926
201.33 1.4890600407291514 0.84459282488405
201.34 1.4889860832422765 0.8446507166319851
201.35000000000002 1.4889121331015647 0.8447086038472773
201.36 1.4888381903059198 0.8447664865300089
201.37 1.4887642548542483 0.8448243646802588
201.38000000000002 1.4886903267454565 0.8448822382981077
201.39000000000001 1.48861640597845 0.8449401073836365
201.4 1.4885424925521349 0.8449979719369249
201.41000000000003 1.4884685864654192 0.845055831958054
201.42000000000002 1.488394687717208 0.8451136874471035
201.43 1.4883207963064093 0.8451715384041545
201.44000000000003 1.4882469122319302 0.8452293848292869
201.45000000000002 1.4881730354926783 0.8452872267225808
201.46 1.4880991660875609 0.845345064084118
201.47 1.4880253040154863 0.8454028969139771
201.48000000000002 1.4879514492753625 0.8454607252122393
201.49 1.4878776018660975 0.845518548978985
201.5 1.487803761786601 0.8455763682142946
201.51000000000002 1.4877299290357804 0.8456341829182484
201.52 1.4876561036125446 0.8456919930909275
201.53 1.487582285515804 0.8457497987324112
201.54000000000002 1.4875084747444682 0.8458075998427802
201.55 1.4874346712974449 0.845865396422115
201.56 1.4873608751736456 0.8459231884704964
201.57000000000002 1.4872870863719803 0.8459809759880045
201.58 1.4872133048913583 0.8460387589747191
201.59 1.487139530730691 0.8460965374307212
201.60000000000002 1.4870657638888891 0.846154311356091
201.61 1.4869920043648628 0.8462120807509093
201.62 1.4869182521575244 0.8462698456152565
201.63000000000002 1.486844507265784 0.846327605949212
201.64000000000001 1.4867707696885542 0.8463853617528571
201.65 1.4866970394247458 0.846443113026272
201.66000000000003 1.486623316473272 0.846500859769537
201.67000000000002 1.4865496008330443 0.8465586019827323
201.68 1.486475892502975 0.8466163396659394
201.69000000000003 1.4864021914819774 0.8466740728192372
201.70000000000002 1.486328497768964 0.8467318014427069
201.71 1.4862548113628475 0.8467895255364286
201.72 1.486181132262542 0.8468472451004825
201.73000000000002 1.4861074604669613 0.8469049601349498
201.74 1.4860337959750174 0.84696267063991
201.75 1.4859601387856256 0.8470203766154442
201.76000000000002 1.4858864888977004 0.8470780780616323
201.77 1.4858128463101552 0.8471357749785546
201.78 1.485739211021905 0.8471934673662924
201.79000000000002 1.4856655830318652 0.847251155224925
201.8 1.4855919623389495 0.8473088385545334
201.81 1.4855183489420745 0.8473665173551982
201.82000000000002 1.485444742840155 0.8474241916269986
201.83 1.4853711440321062 0.8474818613700165
201.84 1.485297552516845 0.8475395265843315
201.85000000000002 1.4852239682932873 0.8475971872700239
201.86 1.4851503913603488 0.8476548434271747
201.87 1.4850768217169465 0.8477124950558635
201.88000000000002 1.4850032593619975 0.8477701421561713
201.89000000000001 1.484929704294418 0.847827784728178
201.9 1.4848561565131253 0.8478854227719647
201.91000000000003 1.4847826160170376 0.8479430562876105
201.92000000000002 1.4847090828050715 0.8480006852751975
201.93 1.4846355568761451 0.848058309734805
201.94000000000003 1.484562038229177 0.8481159296665137
201.95000000000002 1.4844885268630852 0.8481735450704039
201.96 1.4844150227767874 0.8482311559465562
201.97 1.4843415259692034 0.8482887622950502
201.98000000000002 1.4842680364392515 0.8483463641159676
201.99 1.4841945541858508 0.8484039614093879
202.0 1.4841210792079207 0.8484615541753913
202.01000000000002 1.4840476115043812 0.8485191424140593
202.02 1.483974151074151 0.8485767261254713
