tolteca/data/cal/toltec_passband/data/a2000_passband.ecsv
# %ECSV 0.9
# ---
# datatype:
# - {name: f, unit: GHz, datatype: float64, description: The frequency.}
# - {name: wl, unit: mm, datatype: float64, description: The wavelength.}
# - {name: throughput, datatype: float64, description: The throughput.}
# meta: !!omap
# - {name: a2000}
# - {name_long: TolTEC 2 mm array}
# - {index: 2}
# - {n_samples: 7440}
# - wl_center: !astropy.units.Quantity
#     unit: !astropy.units.Unit {unit: cm}
#     value: 0.19999999999999998
# - f_min: !astropy.units.Quantity
#     unit: &id001 !astropy.units.Unit {unit: GHz}
#     value: 111.43
# - f_max: !astropy.units.Quantity
#     unit: *id001
#     value: 185.82000000000002
# - f_step: !astropy.units.Quantity
#     unit: *id001
#     value: 0.01
# - f_range: !astropy.units.Quantity
#     unit: *id001
#     value: 74.39000000000001
# - wl_min: !astropy.units.Quantity
#     unit: &id002 !astropy.units.Unit {unit: mm}
#     value: 1.6133487138090628
# - wl_max: !astropy.units.Quantity
#     unit: *id002
#     value: 2.6904106434532893
# - {wl_step: 29979245.8}
# - wl_range: !astropy.units.Quantity
#     unit: *id002
#     value: 1.0770619296442265
# - {generated_by: create_passband_table.py a2000}
# - {created_on: '2021-05-13T03:14:01.102'}
# - {version: v1.0.0}
# schema: astropy-2.0
f wl throughput
[from data line 907]
120.50000000000001 2.4879042157676348 0.008832643161071118
120.51 2.487697767820098 0.00885822774802967
120.52000000000001 2.487491354132094 0.008883905317118268
120.53 2.4872849746950965 0.008909676284192078
120.54 2.487078629500581 0.008935541067354877
120.55000000000001 2.4868723185400254 0.008961500086973096
120.56 2.4866660418049102 0.008987553765690773
120.57000000000001 2.4864597992867217 0.009013702528444079
120.58000000000001 2.486253590976945 0.009039946802476198
120.59 2.4860474168670703 0.00906628701735192
120.60000000000001 2.4858412769485914 0.009092723604973083
120.61000000000001 2.4856351712130014 0.009119256999593244
120.62 2.4854290996517987 0.009145887637833151
120.63000000000001 2.485223062256487 0.009172615958696194
120.64 2.485017059018568 0.00919944240358371
120.65 2.484811089929549 0.009226367416310364
120.66000000000001 2.4846051549809385 0.009253391443120287
120.67 2.4843992541642494 0.009280514932702757
120.68 2.4841933874709974 0.009307738336207641
120.69000000000001 2.4839875548927006 0.009335062107262239
120.7 2.483781756420879 0.009362486701987
120.71000000000001 2.4835759920470553 0.00939001257901193
120.72000000000001 2.483370261762757 0.009417640199492887
120.73 2.483164565559513 0.00944537002712847
120.74000000000001 2.482958903428856 0.009473202528176362
120.75000000000001 2.4827532753623194 0.009501138171470216
120.76 2.482547681351441 0.009529177428436859
120.77000000000001 2.482342121387762 0.009557320773113089
120.78 2.482136595462825 0.009585568682162834
120.79 2.481931103568176 0.009613921634894728
120.80000000000001 2.4817256456953647 0.009642380113279609
120.81 2.481520221835941 0.009670944601967536
120.82000000000001 2.4813148319814604 0.009699615588306367
120.83000000000001 2.4811094761234798 0.009728393562359192
120.84 2.4809041542535586 0.009757279016922272
120.85000000000001 2.4806988663632605 0.009786272447543421
120.86000000000001 2.480493612444151 0.009815374352540254
120.87 2.4802883924877968 0.00984458523301853
120.88000000000001 2.480083206485771 0.00987390559289069
120.89 2.4798780544296464 0.009903335938894956
120.9 2.479672936311001 0.009932876780613834
120.91000000000001 2.4794678521214135 0.009962528630493156
120.92 2.4792628018524647 0.00999229200386155
120.93 2.479057785495741 0.010022167418949532
120.94000000000001 2.4788528030428316 0.010052155396908811
120.95 2.478647854485325 0.010082256461832398
120.96000000000001 2.4784429398148156 0.01011274244831967
120.97000000000001 2.4782380590228983 0.010143827782684498
120.98 2.4780332121011734 0.010175032439064364
120.99000000000001 2.4778283990412433 0.010206356980254369
121.00000000000001 2.477623619834711 0.010237801972259269
121.01 2.4774188744731838 0.0102693679843154
121.02000000000001 2.4772141629482736 0.010301055588912627
121.03 2.4770094852515907 0.010332865361816554
121.04 2.476804841374752 0.010364797882090401
121.05000000000001 2.4766002313093765 0.010396853732118058
121.06 2.476395655047084 0.010429033497626567
121.07000000000001 2.4761911125795 0.010461337767708506
121.08000000000001 2.4759866038982494 0.010493767134845717
121.09 2.4757821289949624 0.010526322194932193
121.10000000000001 2.475577687861272 0.010559003547297302
121.11000000000001 2.475373280488812 0.01059181179472966
121.12 2.4751689068692206 0.010624747543500901
121.13000000000001 2.4749645669941387 0.010657811403389367
121.14 2.474760260855209 0.010691003987704388
121.15 2.4745559884440778 0.010724325913310991
121.16000000000001 2.474351749752394 0.010757777800653798
121.17 2.4741475447718084 0.010791360273782368
121.18 2.473943373493976 0.010825073960375907
121.19000000000001 2.473739235910554 0.01085891949176831
121.2 2.4735351320132013 0.010892897502973628
121.21000000000001 2.4733310617935818 0.010927008632711711
121.22000000000001 2.4731270252433593 0.010961253523434055
121.23 2.4729230223542027 0.010995802602927813
121.24000000000001 2.472719053117783 0.011030745180542492
121.25000000000001 2.472515117525773 0.01106582619763558
121.26 2.47231121556985 0.011101046328095585
121.27000000000001 2.472107347241692 0.011136406249780201
121.28 2.4719035125329816 0.011171906644544432
121.29 2.4716997114354027 0.01120754819826806
121.30000000000001 2.4714959439406434 0.011243331600884521
121.31 2.4712922100403927 0.011279257546409231
121.32000000000001 2.4710885097263438 0.01131532673296815
121.33000000000001 2.470884842990193 0.01135153986282727
121.34 2.470681209823636 0.011387897642421279
121.35000000000001 2.4704776102183765 0.011424400782383624
121.36000000000001 2.470274044166118 0.011461049997575783
121.37 2.470070511658565 0.011497846007117554
121.38000000000001 2.4698670126874287 0.011534789534417271
121.39 2.469663547244419 0.011571881307202039
121.4 2.4694601153212523 0.01160912205754865
121.41000000000001 2.469256716909646 0.011646512521914782
121.42 2.4690533520013176 0.011684053441169764
121.43 2.468850020587993 0.011721745560626556
121.44000000000001 2.468646722661397 0.011759589630073463
121.45 2.468443458213257 0.011797586403805703
121.46000000000001 2.4682402272353046 0.01183573664065853
121.47000000000001 2.468037029719272 0.01187404110403909
121.48 2.4678338656568983 0.01191250056195965
121.49000000000001 2.4676307350399216 0.011951115787070777
121.50000000000001 2.4674276378600823 0.011989887556694606
121.51 2.4672245741091268 0.012028816652858714
121.52000000000001 2.467021543778803 0.01206790386232982
121.53 2.4668185468608574 0.012107149976648262
121.54 2.4666155833470462 0.012146555792162813
121.55000000000001 2.466412653229124 0.012186122110064892
121.56 2.4662097564988485 0.012225849736424483
121.57000000000001 2.466006893147981 0.01226573948222511
121.58000000000001 2.4658040631682847 0.012305792163399613
121.59 2.4656012665515257 0.012346008600866583
121.60000000000001 2.465398503289474 0.012386389620566242
121.61000000000001 2.4651957733739005 0.01242693605349744
121.62 2.4649930767965795 0.012467648735754693
121.63000000000001 2.4647904135492897 0.012508528508565575
121.64 2.464587783623808 0.01254957621832781
121.65 2.4643851870119193 0.012590792716647925
121.66000000000001 2.4641826237054096 0.012632178860379331
121.67 2.463980093696063 0.01267373551166074
121.68 2.463777596975674 0.012715463537955144
121.69000000000001 2.4635751335360347 0.012757363812089572
121.7 2.46337270336894 0.012799437212294311
121.71000000000001 2.463170306466191 0.012841684622242808
121.72000000000001 2.4629679428195863 0.012884106931092506
121.73 2.462765612420932 0.012926705033524952
121.74000000000001 2.462563315262034 0.012969479829787066
121.75000000000001 2.4623610513347023 0.013012432225732897
121.76 2.4621588206307496 0.013055563132864927
121.77000000000001 2.4619566231419894 0.013098873468376095
121.78 2.4617544588602396 0.013142364155192893
121.79 2.4615523277773215 0.013186036122017773
121.80000000000001 2.4613502298850576 0.0132298903033724
121.81 2.461148165175273 0.013273927639641402
121.82000000000001 2.4609461336397964 0.013318149077116514
121.83000000000001 2.4607441352704593 0.01336255556804085
121.84 2.460542170059094 0.013407148070653423
121.85000000000001 2.4603402379975385 0.013451927549234933
121.86000000000001 2.46013833907763 0.013496894974152863
121.87 2.459936473291212 0.013542051321907559
121.88000000000001 2.459734640630128 0.013587397575178914
121.89 2.4595328410862254 0.013632934722873014
121.9 2.4593310746513537 0.013678663760169135
121.91000000000001 2.4591293413173654 0.013724585688567912
121.92 2.4589276410761154 0.013770701515939133
121.93 2.4587259739194622 0.013817012256569903
121.94000000000001 2.4585243398392653 0.013863518931214371
121.95 2.4583227388273885 0.01391022256714276
121.96000000000001 2.4581211708756974 0.013957124198190809
121.97000000000001 2.45791963597606 0.014004224864810665
121.98 2.4577181341203476 0.014051525614121593
121.99000000000001 2.4575166653004348 0.014099027499960552
122.00000000000001 2.4573152295081964 0.014146731582934332
122.01 2.457113826735514 0.014194638930471916
122.02000000000001 2.456912456974267 0.014242750616876661
122.03 2.4567111202163403 0.01429106772337934
122.04 2.4565098164536217 0.01433959133819215
122.05000000000001 2.456308545678001 0.014388322556562487
122.06 2.4561073078813696 0.014437262480827108
122.07000000000001 2.455906103055624 0.01448641222046797
122.08000000000001 2.4557049311926606 0.014535772892167438
122.09 2.4555037922843805 0.0145853456198639
122.10000000000001 2.4553026863226863 0.014635131534809104
122.11000000000001 2.4551016132994845 0.014685131775624777
122.12 2.454900573206682 0.014735347488360294
122.13000000000001 2.4546995660361914 0.014785779826550695
122.14 2.4544985917799247 0.01483642995127594
122.15 2.4542976504297993 0.014887299031219648
122.16000000000001 2.454096741977734 0.014938388242728725
122.17 2.4538958664156505 0.014989698769874243
122.18 2.4536950237354724 0.015041231804512233
122.19000000000001 2.453494213929127 0.015092988546344171
122.2 2.4532934369885435 0.015144970202980603
122.21000000000001 2.4530926929056545 0.0151971779900028
122.22000000000001 2.452891981672395 0.015249613131025715
122.23 2.4526913032807003 0.01530227685776263
122.24000000000001 2.4524906577225134 0.015355170410088931
122.25000000000001 2.452290044989775 0.015408295036107168
122.26 2.4520894650744314 0.015461651992212617
122.27000000000001 2.451888917968431 0.015515242543160038
122.28 2.4516884036637228 0.015569067962129637
122.29 2.451487922152261 0.015623129530795258
122.30000000000001 2.4512874734260017 0.015677428539392312
122.31 2.4510870574769026 0.01573196628678633
122.32000000000001 2.450886674296927 0.01578674408054255
122.33000000000001 2.450686323878035 0.01584176323699566
122.34 2.450486006212196 0.015897025081321427
122.35000000000001 2.450285721291378 0.015952530947606822
122.36000000000001 2.4500854691075515 0.016008282178923305
122.37 2.449885249652693 0.01606428012739894
122.38000000000001 2.449685062918778 0.016120526154291864
122.39 2.4494849088977855 0.016177021630064667
122.4 2.4492847875816994 0.016233767934459555
122.41000000000001 2.4490846989625035 0.016290766456573156
122.42 2.4488846430321844 0.016348018594933733
122.43 2.4486846197827328 0.016405525757577873
122.44000000000001 2.448484629206142 0.0164632893621281
122.45 2.4482846712944055 0.01652131083587197
122.46000000000001 2.448084746039523 0.01657959161584074
122.47000000000001 2.447884853433494 0.016638133148890413
122.48 2.447684993468322 0.016696936891781453
122.49000000000001 2.4474851661360115 0.016756004311261515
122.50000000000001 2.447285371428572 0.016815336884147502
122.51 2.447085609338013 0.01687493609740862
122.52000000000001 2.4468858798563504 0.016934803448250487
122.53 2.446686182975598 0.016994940444200832
122.54 2.4464865186877756 0.017055348603194
122.55000000000001 2.4462868869849044 0.017116118414783756
122.56 2.4460872878590085 0.017177502601778177
122.57000000000001 2.4458877213021135 0.01723916562310521
122.58000000000001 2.4456881873062493 0.01730110905993556
122.59 2.445488685863447 0.01736333450444475
122.60000000000001 2.4452892169657425 0.017425843559906576
122.61000000000001 2.4450897806051715 0.017488637840785293
122.62 2.4448903767737726 0.017551718972830678
122.63000000000001 2.4446910054635898 0.017615088593172592
122.64 2.4444916666666674 0.01767874835041687
122.65 2.4442923603750506 0.017742699904743208
122.66000000000001 2.444093086580793 0.017806944928001958
122.67 2.4438938452759444 0.017871485103813763
122.68 2.44369463645256 0.017936322127669792
122.69000000000001 2.443495460102698 0.01800145770703215
122.7 2.4432963162184187 0.018066893561435773
122.71000000000001 2.443097204791786 0.01813307429774602
122.72000000000001 2.4428981258148634 0.018199907445896682
122.73 2.4426990792797194 0.018267051879462037
122.74000000000001 2.442500065178426 0.01833450940748838
122.75000000000001 2.442301083503055 0.018402281851931386
122.76 2.4421021342456823 0.01847037104776703
122.77000000000001 2.4419032173983877 0.018538778843104106
122.78 2.44170433295325 0.018607507099297902
122.79 2.4415054809023538 0.018676557691063737
122.80000000000001 2.4413066612377854 0.018745932506593625
122.81 2.4411078739516325 0.018815633447672914
122.82000000000001 2.4409091190359877 0.018885662429798597
122.83000000000001 2.440710396482944 0.018956021382297718
122.84 2.440511706284598 0.01902671224844929
122.85000000000001 2.440313048433049 0.019097736985605032
122.86000000000001 2.4401144229203977 0.01916909756531273
122.87 2.439915829738748 0.01924079597344088
122.88000000000001 2.4397172688802087 0.01931283421030412
122.89 2.4395187403368865 0.01938521429078979
122.9 2.439320244100895 0.01945793824448672
122.91000000000001 2.4391217801643483 0.019531008115814825
122.92 2.438923348519362 0.019604425964155514
122.93 2.4387249491580576 0.01967819386398422
122.94000000000001 2.438526582072556 0.019752313905004697
122.95 2.4383282472549817 0.019826788192283493
122.96000000000001 2.438129944697463 0.01990161884638639
122.97000000000001 2.437931674392129 0.019976808003517095
122.98 2.4377334363311105 0.02005235781565593
122.99000000000001 2.4375352305065454 0.020128270450700907
123.00000000000001 2.4373370569105695 0.0202045480926106
123.01 2.4371389155353222 0.020281192941547687
123.02000000000001 2.436940806372948 0.020358207214024066
123.03 2.4367427294155894 0.02043559314304864
123.04 2.436544684655397 0.020513352978275484
123.05000000000001 2.436346672084519 0.02059148898615321
123.06 2.436148691695108 0.02067000345007826
123.07000000000001 2.4359507434793213 0.020748898670547484
123.08000000000001 2.4357528274293143 0.020828176965312663
123.09 2.435554943537249 0.02090784066953822
123.10000000000001 2.435357091795289 0.020987892135959054
123.11000000000001 2.4351592721955977 0.021068333735041044
123.12 2.4349614847303442 0.02114916785514165
123.13000000000001 2.4347637293917 0.021230396902675478
123.14 2.434566006171837 0.021312023302278445
123.15 2.4343683150629314 0.02139404949697457
123.16000000000001 2.4341706560571614 0.02147647794834616
123.17 2.4339730291467085 0.02155931113670428
123.18 2.433775434323754 0.021642551561260017
123.19000000000001 2.4335778715804857 0.02172620174030158
123.2 2.4333803409090917 0.021810264211369248
123.21000000000001 2.4331828423017616 0.021894741531433646
123.22000000000001 2.43298537575069 0.021979636277077084
123.23 2.4327879412480726 0.022064951044675925
123.24000000000001 2.432590538786109 0.022150688450583995
123.25000000000001 2.432393168356999 0.022236851131319922
123.26 2.432195829952945 0.022323441743755883
123.27000000000001 2.431998523566156 0.022410462965308093
123.28 2.431801249188838 0.022497917494128584
123.29 2.4316040068132043 0.02258580804930175
123.30000000000001 2.4314067964314683 0.022674137371040907
123.31 2.4312096180358442 0.022762908220886127
123.32000000000001 2.431012471618554 0.022852123381908486
123.33000000000001 2.4308153571718156 0.022941785658912174
123.34 2.4306182746878546 0.023031897878640354
123.35000000000001 2.430421224158898 0.02312246288998496
123.36000000000001 2.4302242055771734 0.023213483564196655
123.37 2.4300272189349115 0.023304962795097965
123.38000000000001 2.4298302642243477 0.02339690349929895
123.39000000000001 2.429633341437718 0.02348930861641602
123.4 2.429436450567261 0.023582181109291788
123.41000000000001 2.4292395916052185 0.023675523964217897
123.42 2.4290427645438344 0.02376934019116154
123.43 2.4288459693753546 0.023863632823993446
123.44000000000001 2.428649206092029 0.02395840492071788
123.45 2.428452474686108 0.024053659563707017
123.46000000000001 2.4282557751498466 0.02414939985993735
123.47000000000001 2.428059107475501 0.024245628941227657
123.48 2.4278624716553288 0.0243423499644815
123.49000000000001 2.427665867681594 0.024439566111931755
123.50000000000001 2.4274692955465587 0.024537280591387246
123.51 2.42727275524249 0.02463549663648317
123.52000000000001 2.4270762467616582 0.024734217506935354
123.53 2.426879770096333 0.02483344648879454
