tolteca/data/cal/toltec_passband/data/a2000_passband.ecsv
# %ECSV 0.9
# ---
# datatype:
# - {name: f, unit: GHz, datatype: float64, description: The frequency.}
# - {name: wl, unit: mm, datatype: float64, description: The wavelength.}
# - {name: throughput, datatype: float64, description: The throughput.}
# meta: !!omap
# - {name: a2000}
# - {name_long: TolTEC 2 mm array}
# - {index: 2}
# - {n_samples: 7440}
# - wl_center: !astropy.units.Quantity
#     unit: !astropy.units.Unit {unit: cm}
#     value: 0.19999999999999998
# - f_min: !astropy.units.Quantity
#     unit: &id001 !astropy.units.Unit {unit: GHz}
#     value: 111.43
# - f_max: !astropy.units.Quantity
#     unit: *id001
#     value: 185.82000000000002
# - f_step: !astropy.units.Quantity
#     unit: *id001
#     value: 0.01
# - f_range: !astropy.units.Quantity
#     unit: *id001
#     value: 74.39000000000001
# - wl_min: !astropy.units.Quantity
#     unit: &id002 !astropy.units.Unit {unit: mm}
#     value: 1.6133487138090628
# - wl_max: !astropy.units.Quantity
#     unit: *id002
#     value: 2.6904106434532893
# - {wl_step: 29979245.8}
# - wl_range: !astropy.units.Quantity
#     unit: *id002
#     value: 1.0770619296442265
# - {generated_by: create_passband_table.py a2000}
# - {created_on: '2021-05-13T03:14:01.102'}
# - {version: v1.0.0}
# schema: astropy-2.0
f wl throughput
[from data line 3217]
143.60000000000002 2.0876912116991644 0.8155463287107058
143.61 2.087545839426224 0.8155877968497205
143.62 2.087400487397298 0.8156292585678115
143.63 2.0872551556081596 0.8156707138645519
143.64000000000001 2.087109844054581 0.8157121627395156
143.65 2.0869645527323355 0.8157536051922755
143.66 2.086819281637199 0.8157950412224054
143.67000000000002 2.086674030764948 0.8158364708294791
143.68 2.0865288001113584 0.8158778940130689
143.69 2.086383589672211 0.8159193107727495
143.70000000000002 2.086238399443285 0.8159607211080945
143.71 2.0860932294203605 0.8160021250186762
143.72 2.0859480795992207 0.8160435225040686
143.73000000000002 2.0858029499756494 0.8160849135638462
143.74 2.085657840545429 0.8161262981975812
143.75 2.085512751304348 0.8161676764048477
143.76000000000002 2.085367682248192 0.8162090481852191
143.77 2.085222633372749 0.8162504135382688
143.78 2.0850776046738075 0.8162917724635702
143.79000000000002 2.0849325961471603 0.816333124960697
143.8 2.0847876077885954 0.8163744710292228
143.81 2.0846426395939086 0.8164158106687205
143.82000000000002 2.0844976915588935 0.816457143878764
143.83 2.084352763679344 0.8164984706589277
143.84 2.084207855951057 0.8165397910087835
143.85000000000002 2.08406296836983 0.8165811049279053
143.86 2.083918100931461 0.8166224124158672
143.87 2.0837732536317506 0.8166637134722425
143.88 2.0836284264665 0.8167050080966042
143.89000000000001 2.083483619431511 0.8167462962885258
143.9 2.083338832522586 0.8167875780475821
143.91 2.0831940657355292 0.8168288533733454
143.92000000000002 2.0830493190661485 0.8168701222653887
143.93 2.082904592510248 0.816911384723287
143.94 2.082759886063638 0.8169526407466123
143.95000000000002 2.0826151997221265 0.8169938903349397
143.96 2.082470533481523 0.8170351334878411
143.97 2.08232588733764 0.817076370204891
143.98000000000002 2.08218126128629 0.8171176004856622
143.99 2.0820366553232863 0.8171588243297286
144.0 2.0818920694444443 0.8172000417366639
144.01000000000002 2.081747503645581 0.8172412527060412
144.02 2.081602957922511 0.817282457237434
144.03 2.0814584322710545 0.817323655330416
144.04000000000002 2.0813139266870317 0.8173648469845606
144.05 2.081169441166262 0.8174060321994414
144.06 2.081024975704568 0.8174472109746315
144.07000000000002 2.0808805302977724 0.8174883833097051
144.08 2.0807361049416992 0.8175295492042352
144.09 2.0805916996321745 0.817570708657795
144.10000000000002 2.0804473143650246 0.8176118616699589
144.11 2.0803029491360765 0.8176530082402993
144.12 2.08015860394116 0.8176941483683905
144.13 2.0800142787761047 0.8177352820538056
144.14000000000001 2.0798699736367428 0.8177764092961186
144.15 2.079725688518904 0.8178175300949021
144.16 2.079581423418424 0.8178586444497303
144.17000000000002 2.079437178331137 0.8178997523601764
144.18 2.0792929532528786 0.8179408538258143
144.19 2.079148748179485 0.8179819488462169
144.20000000000002 2.0790045631067966 0.818023037420958
144.21 2.07886039803065 0.818064119549611
144.22 2.0787162529468866 0.8181051952317496
144.23000000000002 2.07857212785135 0.8181462644669472
144.24 2.0784280227398777 0.8181873272547769
144.25 2.078283937608319 0.8182283835948129
144.26000000000002 2.0781398724525166 0.8182694334866278
144.27 2.077995827268317 0.8183104769297962
144.28 2.0778518020515664 0.8183515139238909
144.29000000000002 2.0777077967981152 0.8183925444684851
144.3 2.0775638115038113 0.8184335685631533
144.31 2.077419846164507 0.8184745862074676
144.32000000000002 2.0772759007760535 0.8185155974010028
144.33 2.077131975334303 0.8185566021433315
144.34 2.076988069835112 0.8185976004340282
144.35000000000002 2.076844184274333 0.818638592272665
144.36 2.0767003186478257 0.8186795776588164
144.37 2.0765564729514443 0.8187205565920559
144.38 2.07641264718105 0.8187615290719558
144.39000000000001 2.076268841332503 0.8188024950980912
144.4 2.0761250554016617 0.8188434546700352
144.41 2.0759812893843916 0.8188844077873604
144.42000000000002 2.075837543276555 0.8189253544496408
144.43 2.0756938170740153 0.8189662946564507
144.44 2.0755501107726393 0.8190072284073623
144.45000000000002 2.075406424368294 0.8190481557019493
144.46 2.075262757856846 0.8190890765397864
144.47 2.0751191112341663 0.8191299909204454
144.48000000000002 2.0749754844961243 0.819170898843501
144.49 2.074831877638591 0.8192118003085261
144.5 2.0746882906574395 0.8192526953150948
144.51000000000002 2.0745447235485437 0.8192935838627802
144.52 2.074401176307777 0.8193344659511553
144.53 2.0742576489310176 0.8193753415797944
144.54000000000002 2.074114141414142 0.8194162107482705
144.55 2.0739706537530265 0.8194570734561574
144.56 2.073827185943553 0.8194979297030284
144.57000000000002 2.073683737981601 0.8195387794884571
144.58 2.0735403098630516 0.8195796228120171
144.59 2.0733969015837883 0.8196204596732816
144.60000000000002 2.073253513139696 0.8196612900718235
144.61 2.073110144526658 0.8197021140072177
144.62 2.0729667957405615 0.8197429314790371
144.63 2.0728234667772942 0.819783742486855
144.64000000000001 2.0726801576327434 0.8198245470302445
144.65 2.0725368683028 0.81986534510878
144.66 2.072393598783354 0.8199061367220343
144.67000000000002 2.0722503490702984 0.8199469218695816
144.68 2.0721071191595244 0.8199877005509951
144.69 2.071963909046928 0.8200284727658474
144.70000000000002 2.0718207187284037 0.8200692385137129
144.71 2.071677548199848 0.8201099977941652
144.72 2.0715343974571585 0.8201507506067776
144.73000000000002 2.071391266496235 0.8201914969511229
144.74 2.071248155312975 0.820232236826776
144.75 2.0711050639032815 0.8202729702333088
144.76000000000002 2.0709619922630567 0.8203136971702958
144.77 2.070818940388202 0.8203544176373108
144.78 2.0706759082746236 0.8203951316339261
144.79000000000002 2.0705328959182268 0.8204358391597159
144.8 2.070389903314917 0.8204765402142538
144.81 2.070246930460604 0.8205172347971131
144.82000000000002 2.070103977351195 0.8205579229078673
144.83 2.0699610439826004 0.8205989301811395
144.84 2.0698181303507317 0.820643608513129
144.85000000000002 2.0696752364515016 0.8206882806152795
144.86 2.069532362280823 0.820732946487057
144.87 2.0693895078346105 0.8207776061279252
144.88 2.0692466731087795 0.8208214544915982
144.89000000000001 2.069103858099248 0.8208388908907994
144.9 2.0689610628019324 0.8208563226775046
144.91 2.0688182872127534 0.8208737498513886
144.92000000000002 2.0686755313276293 0.8208911724121277
144.93 2.068532795142483 0.8209085903593969
144.94 2.0683900786532354 0.8209260036928723
144.95000000000002 2.0682473818558127 0.8209434124122295
144.96 2.0681047047461374 0.8209608165171437
144.97 2.067962047320136 0.8209782160072909
144.98000000000002 2.0678194095737346 0.8209956108823462
144.99 2.0676767915028624 0.8210130011419863
145.0 2.0675341931034485 0.8210303867858851
145.01000000000002 2.0673916143714233 0.8210477678137197
145.02 2.067249055302717 0.8210651442251651
145.03 2.0671065158932636 0.8210825160198971
145.04000000000002 2.0669639961389965 0.8210998831975906
145.05 2.0668214960358497 0.821117245757922
145.06 2.0666790155797603 0.8211346037005672
145.07000000000002 2.0665365547666648 0.8211519570252004
145.08 2.066394113592501 0.8211693057314993
145.09 2.0662516920532084 0.8211866498191374
145.10000000000002 2.0661092901447278 0.8212039892877913
145.11 2.0659669078630003 0.8212213241371364
145.12 2.065824545203969 0.8212386543668488
145.13 2.0656822021635777 0.8212559799766035
145.14000000000001 2.065539878737771 0.8212733009660766
145.15 2.0653975749224944 0.8212906173349432
145.16 2.065255290713695 0.8213079290828789
145.17000000000002 2.0651130261073227 0.8213252362095597
145.18 2.064970781099325 0.8213425387146611
145.19 2.064828555685654 0.8213598365978586
145.20000000000002 2.06468634986226 0.8213771298588278
145.21 2.0645441636250945 0.8213944184972449
145.22 2.064401996970114 0.8214117025127844
145.23000000000002 2.064259849893273 0.8214289819051221
145.24 2.064117722390526 0.8214462566739347
145.25 2.0639756144578314 0.821463526818897
145.26000000000002 2.0638335260911473 0.8214807923396846
145.27 2.063691457286432 0.8214980532359731
145.28 2.0635494080396475 0.8215153095074381
145.29000000000002 2.063407378346755 0.8215325611537555
145.3 2.0632653682037168 0.8215498081746004
145.31 2.0631233776064963 0.8215670505696493
145.32000000000002 2.062981406551061 0.8215842883385766
145.33 2.062839455033373 0.821601521481059
145.34 2.0626975230494016 0.8216187499967711
145.35000000000002 2.062555610595115 0.8216359738853893
145.36 2.062413717666483 0.8216531931465891
145.37 2.0622718442594756 0.8216704077800456
145.38 2.0621299903700647 0.8216876177854351
145.39000000000001 2.061988155994223 0.8217048231624328
145.4 2.061846341127923 0.821722023910714
145.41 2.061704545767142 0.821739220029955
145.42000000000002 2.0615627699078534 0.8217564115198309
145.43 2.0614210135460356 0.8217735983800176
145.44 2.0612792766776677 0.8218062599606215
145.45000000000002 2.0611375592987287 0.8218420630630245
145.46 2.060995861405197 0.8218778643225649
145.47 2.0608541829930567 0.8219136637390543
145.48000000000002 2.06071252405829 0.8219494613123052
145.49 2.0605708845968795 0.821985257042129
145.5 2.060429264604811 0.8220210509283375
145.51000000000002 2.060287664078071 0.8220568429707431
145.52 2.0601460830126443 0.8220926331691576
145.53 2.0600045214045215 0.8221284215233922
145.54000000000002 2.0598629792496914 0.8221642080332598
145.55 2.0597214565441426 0.8221999926985719
145.56 2.059579953283869 0.8222357755191401
145.57000000000002 2.0594384694648626 0.8222715564947763
145.58 2.0592970050831156 0.8223073356252931
145.59 2.0591555601346245 0.8223431129105016
145.60000000000002 2.0590141346153845 0.8223788883502139
145.61 2.0588727285213926 0.8224146619442421
145.62 2.0587313418486475 0.8224504336923982
145.63 2.058589974593147 0.8224862035944936
145.64000000000001 2.058448626750893 0.8225219716503402
145.65 2.058307298317885 0.8225577378597508
145.66 2.0581659892901274 0.8225935022225364
145.67000000000002 2.0580246996636244 0.8226292647385091
145.68 2.057883429434377 0.8226650254074808
145.69 2.057742178598394 0.8227007842292636
145.70000000000002 2.057600947151682 0.8227365412036691
145.71 2.0574597350902475 0.8227722963305096
145.72 2.0573185424101013 0.8228080496095965
145.73000000000002 2.057177369107254 0.8228438010407422
145.74 2.0570362151777135 0.822879550623758
145.75 2.0568950806174957 0.822915298358456
145.76000000000002 2.056753965422613 0.8229510442446485
145.77 2.056612869589079 0.8229867882821473
145.78 2.0564717931129097 0.8230225304707638
145.79000000000002 2.056330735990124 0.8230582708103099
145.8 2.0561896982167354 0.8230940093005986
145.81 2.0560486797887667 0.8231297459414401
145.82000000000002 2.055907680702236 0.8231654807326481
145.83 2.0557667009531646 0.8232012136740328
145.84 2.0556257405375753 0.8232369447654072
145.85000000000002 2.055484799451492 0.8232726740065825
145.86 2.0553438776909365 0.8233084013973718
145.87 2.055202975251937 0.8233441269375857
145.88 2.0550620921305183 0.823379850627036
145.89000000000001 2.0549212283227094 0.8234155724655358
145.9 2.054780383824537 0.8234512924528964
145.91 2.0546395586320334 0.8234870105889293
145.92000000000002 2.054498752741228 0.8235227268734466
145.93 2.0543579661481535 0.8235584413062605
145.94 2.054217198848842 0.8235941538871832
145.95000000000002 2.054076450839329 0.8236298646160258
145.96 2.0539357221156482 0.8236655734926005
145.97 2.053795012673837 0.8237012805167189
145.98000000000002 2.0536543225099333 0.8237369856881934
145.99 2.053513651619974 0.8237726890068359
146.0 2.0533729999999997 0.8238083904724576
146.01000000000002 2.0532323676460518 0.8238440900848716
146.02 2.053091754554171 0.8238797878438885
146.03 2.0529511607204 0.8239154837493214
146.04000000000002 2.052810586140784 0.8239511778009809
146.05 2.052670030811366 0.8239868699986799
146.06 2.052529494728194 0.8240225603422299
146.07000000000002 2.052388977887315 0.824058248831443
146.08 2.0522484802847756 0.8240939354661309
146.09 2.0521080019166265 0.8241296202461053
146.10000000000002 2.0519675427789186 0.8241653031711789
146.11 2.0518271028677026 0.8242009842411622
146.12 2.0516866821790307 0.8242366634558683
146.13 2.051546280708958 0.8242723408151088
146.14000000000001 2.051405898453538 0.8243080163186954
146.15 2.0512655354088265 0.8243436899664403
146.16 2.0511251915708812 0.8243793617581552
146.17000000000002 2.05098486693576 0.8244150316936522
146.18 2.0508445614995208 0.8244506997727427
146.19 2.0507042752582256 0.8244863659952387
146.20000000000002 2.050564008207935 0.8245220303609526
146.21 2.0504237603447093 0.8245576928696963
146.22 2.050283531664615 0.8245933535212807
146.23000000000002 2.050143322163716 0.8246290123155188
146.24 2.050003131838074 0.8246646692522219
146.25 2.0498629606837606 0.8247003243312022
146.26000000000002 2.0497228086968415 0.8247359775522716
146.27 2.049582675873385 0.8247716289152416
146.28 2.049442562209461 0.8248072784199247
146.29000000000002 2.0493024677011418 0.8248429260661313
146.3 2.0491623923444977 0.8248785718536761
146.31 2.049022336135603 0.8249142157823683
146.32000000000002 2.0488822990705304 0.8249498578520209
146.33 2.048742281145356 0.8249854980624457
146.34 2.0486022823561574 0.8250211364134548
146.35000000000002 2.048462302699009 0.8250567729048601
146.36 2.048322342169992 0.8250874480261959
146.37 2.048182400765184 0.8250975222489666
146.38 2.048042478480667 0.825107594991947
146.39000000000001 2.0479025753125217 0.8251176662550638
146.4 2.0477626912568305 0.8251277360382439
146.41 2.0476228263096785 0.825137804341415
146.42000000000002 2.04748298046715 0.825147871164503
146.43 2.0473431537253295 0.8251556430403665
146.44 2.047203346080306 0.8251632393486061
146.45000000000002 2.047063557528167 0.8251708342344287
146.46 2.046923788065001 0.8251784276977716
146.47 2.046784037686898 0.8251860197385699
146.48000000000002 2.0466443063899513 0.8251936103567604
146.49 2.0465045941702504 0.8252011995522796
146.5 2.0463649010238907 0.8252087873250624
146.51000000000002 2.0462252269469663 0.8252163736750462
146.52 2.046085571935572 0.8252239586021662
146.53 2.045945935985805 0.825231542106359
146.54000000000002 2.045806319093763 0.8252391241875601
146.55 2.0456667212555444 0.8252467048457064
146.56 2.045527142467249 0.8252542840807335
146.57000000000002 2.045387582724979 0.8252618618925779
146.58 2.045248042024833 0.8252694382811754
146.59 2.045108520362917 0.8252770132464622
146.60000000000002 2.044969017735334 0.8252845867883745
146.61 2.0448295341381897 0.8252921589068488
146.62 2.0446900695675896 0.8252997296018202
146.63 2.044550624019641 0.8253072988732254
146.64000000000001 2.044411197490453 0.8253148667210006
146.65 2.0442717899761345 0.8253224331450819
146.66 2.0441324014727944 0.8253299981454055
146.67000000000002 2.0439930319765462 0.8253375617219074
146.68 2.0438536814835015 0.8253451238745231
146.69 2.0437143499897745 0.8253526846031898
146.70000000000002 2.04357503749148 0.825360243907843
146.71 2.0434357439847317 0.8253678017884194
146.72 2.043296469465649 0.8253753582448539
146.73000000000002 2.0431572139303484 0.8253829132770836
146.74 2.043017977374949 0.8253904668850442
146.75 2.042878759795571 0.8253980190686725
146.76000000000002 2.042739561188335 0.8254055698279045
146.77 2.0426003815493625 0.825413119162675
146.78 2.0424612208747788 0.8254206670729213
146.79000000000002 2.0423220791607064 0.8254282135585794
146.8 2.0421829564032694 0.8254357586195853
146.81 2.0420438525985967 0.8254433022558753
146.82000000000002 2.041904767742815 0.825450844467385
146.83 2.041765701832051 0.8254583852540511
146.84 2.0416266548624353 0.8254659246158094
146.85000000000002 2.041487626830099 0.8254734625525961
146.86 2.0413486177311726 0.8254809990643472
146.87 2.0412096275617895 0.8254885341509989
146.88 2.0410706563180825 0.8254960678124874
146.89000000000001 2.040931703996188 0.8255036000487488
146.9 2.04079277059224 0.825511130859719
146.91 2.0406538561023755 0.8255186602453343
