tolteca/data/cal/toltec_passband/data/a2000_passband.ecsv
# %ECSV 0.9
# ---
# datatype:
# - {name: f, unit: GHz, datatype: float64, description: The frequency.}
# - {name: wl, unit: mm, datatype: float64, description: The wavelength.}
# - {name: throughput, datatype: float64, description: The throughput.}
# meta: !!omap
# - {name: a2000}
# - {name_long: TolTEC 2 mm array}
# - {index: 2}
# - {n_samples: 7440}
# - wl_center: !astropy.units.Quantity
#     unit: !astropy.units.Unit {unit: cm}
#     value: 0.19999999999999998
# - f_min: !astropy.units.Quantity
#     unit: &id001 !astropy.units.Unit {unit: GHz}
#     value: 111.43
# - f_max: !astropy.units.Quantity
#     unit: *id001
#     value: 185.82000000000002
# - f_step: !astropy.units.Quantity
#     unit: *id001
#     value: 0.01
# - f_range: !astropy.units.Quantity
#     unit: *id001
#     value: 74.39000000000001
# - wl_min: !astropy.units.Quantity
#     unit: &id002 !astropy.units.Unit {unit: mm}
#     value: 1.6133487138090628
# - wl_max: !astropy.units.Quantity
#     unit: *id002
#     value: 2.6904106434532893
# - {wl_step: 29979245.8}
# - wl_range: !astropy.units.Quantity
#     unit: *id002
#     value: 1.0770619296442265
# - {generated_by: create_passband_table.py a2000}
# - {created_on: '2021-05-13T03:14:01.102'}
# - {version: v1.0.0}
# schema: astropy-2.0
f wl throughput
[from data line 4869]
160.12 1.8722986385211091 0.8119365919328019
160.13000000000002 1.872181714856679 0.8117340518968839
160.14000000000001 1.8720648057949298 0.8115315324318759
160.15 1.8719479113331252 0.8113290335371808
160.16 1.8718310314685316 0.8111265552122043
160.17000000000002 1.8717141661984147 0.8109240974563496
160.18 1.87159731552004 0.810721660269021
160.19 1.871480479430676 0.8105397567460172
160.20000000000002 1.871363657927591 0.8103829426870016
160.21 1.871246851008052 0.8102261312106169
160.22 1.8711300586693298 0.8100693223169073
160.23000000000002 1.8710132809086943 0.8099125160059143
160.24 1.870896517723415 0.8097557122776803
160.25 1.8707797691107644 0.8095989111322485
160.26000000000002 1.8706630350680147 0.8094421125696608
160.27 1.8705463155924376 0.8092853165899595
160.28 1.8704296106813076 0.8091285231931887
160.29000000000002 1.8703129203318989 0.80897173237939
160.3 1.8701962445414846 0.8088149441486058
160.31 1.870079583307342 0.80865815850088
160.32000000000002 1.8699629366267467 0.8085013754362532
160.33 1.869846304496975 0.8083445949547688
160.34 1.8697296869153048 0.8081878170564705
160.35000000000002 1.869613083879015 0.8080310417413996
160.36 1.8694964953853832 0.8078742690095987
160.37 1.8693799214316895 0.8077174988611112
160.38000000000002 1.869263362015214 0.8075607312959794
160.39000000000001 1.8691468171332382 0.8074039663142462
160.4 1.8690302867830424 0.8072472039159524
160.41 1.86891377096191 0.8070904441011433
160.42000000000002 1.868797269667124 0.8069336868698592
160.43 1.8686807828959675 0.8067769322221436
160.44 1.8685643106457246 0.8066201801580396
160.45000000000002 1.8684478529136808 0.8064634306775897
160.46 1.8683314096971209 0.8063066837808353
160.47 1.8682149809933322 0.8061499394678203
160.48000000000002 1.8680985667996015 0.8059931977385868
160.49 1.8679821671132162 0.8058364585931769
160.5 1.8678657819314646 0.8056797220316342
160.51000000000002 1.8677494112516357 0.8055229880540006
160.52 1.8676330550710192 0.8053662566603185
160.53 1.8675167133869057 0.8052095278506318
160.54000000000002 1.8674003861965869 0.8050528016249815
160.55 1.8672840734973528 0.8048960779834106
160.56 1.8671677752864972 0.8047393569259627
160.57000000000002 1.8670514915613134 0.8045826384526794
160.58 1.8669352223190934 0.804425922563603
160.59 1.8668189675571332 0.804269209258777
160.60000000000002 1.8667027272727275 0.8041124985382445
160.61 1.8665865014631717 0.8039557904020459
160.62 1.8664702901257626 0.8037990848502254
160.63000000000002 1.8663540932577976 0.8036423818828256
160.64000000000001 1.866237910856574 0.8034856814998892
160.65 1.86612174291939 0.8033289837014576
160.66 1.8660055894435454 0.8031722884875746
160.67000000000002 1.86588945042634 0.8030155958582821
160.68 1.8657733258650735 0.802858905813623
160.69 1.8656572157570481 0.8027022183536399
160.70000000000002 1.8655411200995646 0.802545533478376
160.71 1.8654250388899263 0.8023888511878723
160.72 1.8653089721254354 0.8022321714821726
160.73000000000002 1.8651929198033974 0.8020754943613194
160.74 1.865076881921115 0.8019188198253553
160.75 1.8649608584758945 0.8017690185389679
160.76000000000002 1.8648448494650414 0.8016245675741159
160.77 1.8647288548858618 0.8014801147269356
160.78 1.8646128747356638 0.8013356599974198
160.79000000000002 1.8644969090117547 0.8011912033855587
160.8 1.8643809577114427 0.8010467448913438
160.81 1.8642650208320382 0.8009022845147671
160.82000000000002 1.8641490983708497 0.8007578222558187
160.83 1.864033190325188 0.8006133581144902
160.84 1.863917296692365 0.8004688920907734
160.85000000000002 1.8638014174696926 0.8003244241846599
160.86 1.8636855526544822 0.8001799543961394
160.87 1.8635697022440478 0.8000354827252046
160.88000000000002 1.8634538662357039 0.7998910091718463
160.89000000000001 1.863338044626764 0.7997465337360554
160.9 1.8632222374145435 0.7996020564178237
160.91 1.8631064445963583 0.7994575772171423
160.92000000000002 1.8629906661695255 0.7993130961340027
160.93 1.8628749021313613 0.7991686131683957
160.94 1.8627591524791847 0.7990241283203122
160.95000000000002 1.8626434172103143 0.7988796415897452
160.96 1.8625276963220676 0.7987351529766835
160.97 1.8624119898117661 0.7985906624811204
160.98000000000002 1.8622962976767303 0.7984461701030465
160.99 1.8621806199142805 0.7983016758424525
161.0 1.862064956521739 0.7981571796993313
161.01000000000002 1.861949307496429 0.7980126816736721
161.02 1.8618336728356726 0.7978681817654671
161.03 1.8617180525367945 0.797723679974708
161.04000000000002 1.861602446597119 0.7975791763013855
161.05 1.8614868550139707 0.7974346707454912
161.06 1.8613712777846765 0.7972901633070161
161.07000000000002 1.8612557149065627 0.7971456539859518
161.08 1.8611401663769558 0.7970011427822885
161.09 1.8610246321931838 0.796856629696019
161.10000000000002 1.8609091123525765 0.7967121147271342
161.11 1.8607936068524613 0.7965675978756241
161.12 1.860678115690169 0.7964230791414817
161.13000000000002 1.8605626388630299 0.7962785585246973
161.14000000000001 1.8604471763683756 0.7961340360252626
161.15 1.860331728203537 0.7959400022086935
161.16 1.860216294365848 0.795736439192149
161.17000000000002 1.8601008748526404 0.7955328735437409
161.18 1.8599854696612486 0.7953293052634557
161.19 1.8598700787890068 0.7951257343512832
161.20000000000002 1.859754702233251 0.7949221608072111
161.21 1.8596393399913156 0.7947185846312254
161.22 1.8595239920605384 0.7945150058233158
161.23000000000002 1.8594086584382563 0.7943114243834694
161.24 1.859293339121806 0.7941078403116733
161.25 1.8591780341085271 0.7939042536079174
161.26000000000002 1.8590627433957587 0.7937006642721876
161.27 1.8589474669808395 0.7934970723044722
161.28 1.858832204861111 0.7932934777047588
161.29000000000002 1.8587169570339144 0.7930898804730363
161.3 1.8586017234965901 0.7928862806092913
161.31 1.858486504246482 0.7926826781135128
161.32000000000002 1.8583712992809327 0.7924790729856874
161.33 1.8582561085972853 0.792275465225803
161.34 1.8581409321928846 0.7920718548338486
161.35000000000002 1.8580257700650762 0.7918682418098113
161.36 1.8579106222112047 0.7916646261536783
161.37 1.8577954886286174 0.7914610078654387
161.38000000000002 1.857680369314661 0.7912573869450797
161.39000000000001 1.8575652642666833 0.791053763392589
161.4 1.8574501734820321 0.7908501372079539
161.41 1.857335096958057 0.7906465083911636
161.42000000000002 1.8572200346921077 0.790442876942205
161.43 1.857104986681534 0.7902392428610654
161.44 1.8569899529236868 0.7900356061477344
161.45000000000002 1.8568749334159187 0.789831966802198
161.46 1.8567599281555802 0.7896283248244446
161.47 1.8566449371400262 0.7894246802144628
161.48000000000002 1.8565299603666094 0.7892210329722392
161.49 1.856414997832683 0.7890173830977624
161.5 1.8563000495356037 0.7888137305910201
161.51000000000002 1.8561851154727265 0.7886100754520005
161.52 1.8560701956414065 0.7884064176806899
161.53 1.855955290039002 0.7882027572770782
161.54000000000002 1.8558403986628702 0.7879990942411521
161.55 1.8557255215103685 0.7877954285728987
161.56 1.855610658578856 0.7875917602723077
161.57000000000002 1.855495809865693 0.7873880893393655
161.58 1.8553809753682386 0.7871844157740598
161.59 1.855266155083854 0.7869807395763798
161.60000000000002 1.8551513490099012 0.7867770607463123
161.61 1.855036557143741 0.7865733792838444
161.62 1.8549217794827373 0.7863696951889656
161.63000000000002 1.854807016024253 0.7861660084616633
161.64000000000001 1.8546922667656522 0.7859623191019244
161.65 1.8545775317042994 0.785758627109737
161.66 1.8544628108375603 0.7855549324850892
161.67000000000002 1.854348104162801 0.7853512352279698
161.68 1.8542334116773873 0.7851475353383645
161.69 1.8541187333786875 0.7849438328162628
161.70000000000002 1.8540040692640696 0.7847401276616517
161.71 1.853889419330901 0.784536419874519
161.72 1.8537747835765523 0.7843327094548537
161.73000000000002 1.8536601619983928 0.7841289964026423
161.74 1.8535455545937927 0.7839252807178729
161.75 1.8534309613601239 0.7837215624005341
161.76000000000002 1.8533163822947583 0.7835178414506129
161.77 1.853201817395067 0.7833141178680965
161.78 1.8530872666584253 0.7831103916529744
161.79000000000002 1.8529727300822056 0.7829066628052336
161.8 1.8528582076637827 0.7827029313248609
161.81 1.8527436994005317 0.7824991972118464
161.82000000000002 1.8526292052898286 0.782295460466176
161.83 1.852514725329049 0.7820917210878376
161.84 1.8524002595155709 0.7818879790768207
161.85000000000002 1.852285807846772 0.7816842344331121
161.86 1.8521713703200298 0.781480487156698
161.87 1.8520569469327237 0.7812767372475691
161.88000000000002 1.8519425376822336 0.7810729847057116
161.89000000000001 1.8518281425659402 0.7808692295311137
161.9 1.8517137615812234 0.7806654717237629
161.91 1.8515993947254648 0.7804617112836473
161.92000000000002 1.8514850419960478 0.7802579482107546
161.93 1.851370703390354 0.7800541825050724
161.94 1.8512563789057679 0.7798504141665892
161.95000000000002 1.8511420685396731 0.7796466431952925
161.96 1.8510277722894546 0.7794428695911693
161.97 1.8509134901524975 0.7792390933542093
161.98000000000002 1.8507992221261886 0.7790353144843986
161.99 1.850684968207914 0.7788315329817252
162.0 1.8505707283950616 0.7786277488461781
162.01000000000002 1.8504565026850197 0.7784239620777442
162.02 1.850342291075176 0.7782201726764111
162.03 1.8502280935629207 0.7780163806421672
162.04000000000002 1.8501139101456436 0.7778125859750006
162.05 1.8499997408207343 0.7776087886748978
162.06 1.8498855855855856 0.7774049887418482
162.07000000000002 1.849771444437589 0.777201186175839
162.08 1.8496573173741362 0.7769973809768568
162.09 1.8495432043926214 0.7767935731448914
162.10000000000002 1.8494291054904384 0.7765897626799299
162.11 1.8493150206649807 0.7763859495819593
162.12 1.8492009499136441 0.7761821338509683
162.13000000000002 1.8490868932338247 0.7759783154869453
162.14000000000001 1.8489728506229188 0.7757744944898768
162.15 1.8488588220783226 0.7755706708597508
162.16 1.8487448075974346 0.7753668445965562
162.17000000000002 1.8486308071776534 0.7751630157002798
162.18 1.848516820816377 0.7749591841709093
162.19 1.8484028485110058 0.7747553500084335
162.20000000000002 1.8482888902589398 0.7745515132128399
162.21 1.8481749460575796 0.7743476737841148
162.22 1.8480610159043274 0.7741438317222492
162.23000000000002 1.8479470997965854 0.7739399870272279
162.24 1.8478331977317553 0.7737361396990395
162.25 1.847719309707242 0.7735322897376731
162.26000000000002 1.847605435720449 0.7733284371431155
162.27 1.8474915757687804 0.7731245819153542
162.28 1.8473777298496425 0.7729207240543776
162.29000000000002 1.8472638979604414 0.7727168635601739
162.3 1.8471500800985827 0.7725229189564583
162.31 1.847036276261475 0.7723336082851112
162.32000000000002 1.8469224864465261 0.7721442871856301
162.33 1.8468087106511426 0.7719549556579413
162.34 1.8466949488727362 0.7717669348832419
162.35000000000002 1.8465812011087162 0.7715808018661305
162.36 1.8464674673564916 0.7713946568235104
162.37 1.8463537476134755 0.7712084997551911
162.38000000000002 1.8462400418770788 0.771022330660981
162.39000000000001 1.8461263501447136 0.7708361495406875
162.4 1.8460126724137933 0.7706499563941198
162.41 1.8458990086817313 0.7704637512210866
162.42000000000002 1.845785358945943 0.7702775340213964
162.43 1.8456717232038415 0.7700913047948565
162.44 1.8455581014528442 0.7699050635412771
162.45000000000002 1.8454444936903667 0.7697188102604656
162.46 1.845330899913825 0.7695325449522304
162.47 1.8452173201206379 0.7693462676163807
162.48000000000002 1.845103754308223 0.7691599782527246
162.49 1.8449902024739984 0.7689736768610701
162.5 1.8448766646153847 0.768787363441227
162.51000000000002 1.844763140729802 0.7686010379930026
162.52 1.844649630814669 0.7684147005162054
162.53 1.844536134867409 0.768228351010645
162.54000000000002 1.844422652885444 0.7680419894761291
162.55 1.844309184866195 0.7678556159124654
162.56 1.8441957308070867 0.7676692303194639
162.57000000000002 1.8440822907055427 0.7674828326969326
162.58 1.8439688645589862 0.7672964230446788
162.59 1.843855452364844 0.7671100013625131
162.60000000000002 1.8437420541205416 0.7669235676502426
162.61 1.843628669823504 0.7667371219076756
162.62 1.8435152994711597 0.76655066475949
162.63000000000002 1.8434019430609359 0.7663643972463653
162.64000000000001 1.8432886005902611 0.766178117714244
162.65 1.843175272056563 0.7659918261629324
162.66 1.843061957457273 0.7658055225922421
162.67000000000002 1.8429486567898203 0.7656192070019802
162.68 1.8428353700516351 0.7654328793919555
162.69 1.84272209724015 0.7652465397619767
162.70000000000002 1.8426088383527968 0.7650601881118526
162.71 1.8424955933870075 0.7648738244413915
162.72 1.8423823623402162 0.7646874487504033
162.73000000000002 1.8422691452098572 0.764501061038695
162.74 1.8421559419933635 0.7643146613060763
162.75 1.8420427526881724 0.7641282495523559
162.76000000000002 1.8419295772917184 0.7639418257773423
162.77 1.8418164158014376 0.7637553899808431
162.78 1.8417032682147687 0.7635689421626689
162.79000000000002 1.8415901345291483 0.7633824823226272
162.8 1.8414770147420148 0.7631960104605264
162.81 1.841363908850808 0.7630095265761764
162.82000000000002 1.841250816852967 0.7628230306693847
162.83 1.8411377387459316 0.7626365227399603
162.84 1.8410246745271432 0.7624500027877127
162.85000000000002 1.8409116241940442 0.762263470812449
162.86 1.840798587744075 0.7620769268139787
162.87 1.8406855651746796 0.7618903707921109
162.88000000000002 1.8405725564833006 0.7617038027466541
162.89000000000001 1.8404595616673831 0.7615172226774166
162.9 1.8403465807243709 0.7613306305842067
162.91 1.8402336136517095 0.761144026466834
162.92000000000002 1.8401206604468454 0.7609574103251066
162.93 1.8400077211072239 0.7607707821588332
162.94 1.8398947956302933 0.7605841419678226
162.95000000000002 1.8397818840135014 0.7603974897518839
162.96 1.8396689862542954 0.7602108255108248
162.97 1.8395561023501257 0.760024149244455
162.98000000000002 1.8394432322984418 0.7598374609525824
162.99 1.839330376096693 0.7596507606350157
163.0 1.8392175337423313 0.7594640482915644
163.01000000000002 1.8391047052328082 0.7592773239220363
163.02 1.8389918905655747 0.7590905875262398
163.03 1.8388790897380851 0.7589038391039853
163.04000000000002 1.8387663027477923 0.7587170786550792
163.05 1.8386535295921496 0.7585303061793316
163.06 1.8385407702686127 0.7583435216765511
163.07000000000002 1.838428024774637 0.7581567251465463
163.08 1.8383152931076772 0.7579699165891248
163.09 1.8382025752651912 0.7577830960040972
163.10000000000002 1.8380898712446354 0.7575962633912706
163.11 1.8379771810434675 0.7574094187504536
163.12 1.8378645046591469 0.7572225620814566
163.13000000000002 1.8377518420891314 0.7570356933840868
163.14000000000001 1.8376391933308818 0.7568488126581533
163.15 1.8375265583818572 0.7566619199034641
163.16 1.8374139372395195 0.7564750151198292
163.17000000000002 1.83730132990133 0.7562880983070562
163.18 1.8371887363647506 0.7561011694649536
163.19 1.8370761566272447 0.7559142285933315
163.20000000000002 1.836963590686275 0.755727275691997
163.21 1.8368510385393055 0.7555403107607594
163.22 1.8367385001838012 0.7553533337994278
163.23000000000002 1.8366259756172276 0.7551663448078106
163.24 1.8365134648370498 0.7549793437857155
163.25 1.8364009678407354 0.7547923307329525
163.26000000000002 1.836288484625751 0.7546053056493303
163.27 1.8361760151895632 0.754418268534656
163.28 1.8360635595296424 0.7542312193887403
163.29000000000002 1.835951117643457 0.7540441582113905
163.3 1.835838689528475 0.753857085002415
163.31 1.8357262751821692 0.7536699997616241
163.32000000000002 1.8356138746020088 0.7534829024888253
163.33 1.835501487785465 0.7532957931838269
163.34 1.835389114730011 0.7531086718464385
163.35000000000002 1.8352767554331193 0.7529215384764687
163.36 1.8351644098922628 0.7527343930737254
163.37 1.8350520781049153 0.7525472356380181
