tolteca/data/cal/toltec_passband/data/a2000_passband.ecsv
# %ECSV 0.9
# ---
# datatype:
# - {name: f, unit: GHz, datatype: float64, description: The frequency.}
# - {name: wl, unit: mm, datatype: float64, description: The wavelength.}
# - {name: throughput, datatype: float64, description: The throughput.}
# meta: !!omap
# - {name: a2000}
# - {name_long: TolTEC 2 mm array}
# - {index: 2}
# - {n_samples: 7440}
# - wl_center: !astropy.units.Quantity
#     unit: !astropy.units.Unit {unit: cm}
#     value: 0.19999999999999998
# - f_min: !astropy.units.Quantity
#     unit: &id001 !astropy.units.Unit {unit: GHz}
#     value: 111.43
# - f_max: !astropy.units.Quantity
#     unit: *id001
#     value: 185.82000000000002
# - f_step: !astropy.units.Quantity
#     unit: *id001
#     value: 0.01
# - f_range: !astropy.units.Quantity
#     unit: *id001
#     value: 74.39000000000001
# - wl_min: !astropy.units.Quantity
#     unit: &id002 !astropy.units.Unit {unit: mm}
#     value: 1.6133487138090628
# - wl_max: !astropy.units.Quantity
#     unit: *id002
#     value: 2.6904106434532893
# - {wl_step: 29979245.8}
# - wl_range: !astropy.units.Quantity
#     unit: *id002
#     value: 1.0770619296442265
# - {generated_by: create_passband_table.py a2000}
# - {created_on: '2021-05-13T03:14:01.102'}
# - {version: v1.0.0}
# schema: astropy-2.0
f wl throughput
[from data line 5523]
166.66 1.7988267010680428 0.6168005902372625
166.67000000000002 1.7987187736245278 0.6161342308679066
166.68 1.7986108591312695 0.6154678936768462
166.69 1.7985029575859384 0.6148015786642098
166.70000000000002 1.7983950689862032 0.6141352858301179
166.71 1.7982871933297344 0.6134690151746928
166.72 1.7981793306142035 0.6128027666980621
166.73000000000002 1.7980714808372822 0.612136540400348
166.74 1.7979636439966418 0.6114703362816712
166.75 1.797855820089955 0.6108041543421603
166.76000000000002 1.7977480091148959 0.6101379945819367
166.77 1.7976402110691374 0.6094718570011222
166.78 1.7975324259503536 0.6088057415998444
166.79000000000002 1.797424653756221 0.608139648378225
166.8 1.7973168944844125 0.6074735773363859
166.81 1.7972091481326062 0.6068075284744545
166.82000000000002 1.797101414698478 0.6061415017925528
166.83 1.796993694179704 0.6054754972908026
166.84 1.7968859865739635 0.6048095149693313
166.85000000000002 1.7967782918789335 0.6041435548282608
166.86 1.796670610092293 0.6034776168677128
166.87 1.7965629412117217 0.6028117010878147
166.88000000000002 1.7964552852348992 0.6021458074886888
166.89000000000001 1.7963476421595066 0.6014799360704586
166.9 1.7962400119832234 0.6008140868332458
166.91 1.7961323947037329 0.6001482597771775
166.92000000000002 1.7960247903187159 0.5994824549023763
166.93 1.795917198825855 0.5988166722089635
166.94 1.7958096202228344 0.5981509116970674
166.95000000000002 1.795702054507338 0.5974851733668088
166.96 1.7955945016770487 0.5968194572183098
166.97 1.795486961729652 0.5961537632516981
166.98000000000002 1.795379434662834 0.5954880914670954
166.99 1.7952719204742802 0.5948224418646239
167.0 1.7951644191616767 0.5941568144444104
167.01000000000002 1.7950569307227116 0.5934912092065774
167.02 1.7949494551550713 0.5928256261512463
167.03 1.7948419924564452 0.5921600652785448
167.04000000000002 1.7947345426245214 0.5914945265885944
167.05 1.7946271056569891 0.5908290100815174
167.06 1.7945196815515383 0.5901752922958396
167.07000000000002 1.7944122703058605 0.5895335403283254
167.08 1.7943048719176442 0.588891809739935
167.09 1.794197486384583 0.5882501005307911
167.10000000000002 1.794090113704369 0.587608412701012
167.11 1.7939827538746933 0.5869667462507143
167.12 1.7938754068932503 0.5863188565339381
167.13000000000002 1.7937680727577334 0.5856707041799006
167.14000000000001 1.7936607514658374 0.585022587281059
167.15 1.7935534430152558 0.584374505837603
167.16 1.7934461474036851 0.5837264598497267
167.17000000000002 1.7933388646288213 0.5830784493176191
167.18 1.79323159468836 0.5824304742414682
167.19 1.7931243375799988 0.581782534621469
167.20000000000002 1.7930170933014355 0.5811346304578104
167.21 1.7929098618503678 0.5804867617506805
167.22 1.7928026432244948 0.579838928500274
167.23000000000002 1.7926954374215156 0.5791911307067801
167.24 1.7925882444391295 0.5785433683703867
167.25 1.7924810642750375 0.5778956414912885
167.26000000000002 1.7923738969269403 0.5772479500696746
167.27 1.792266742392539 0.5766002941057332
167.28 1.792159600669536 0.5759526735996592
167.29000000000002 1.7920524717556343 0.5753050885516406
167.3 1.7919453556485356 0.5746575389618672
167.31 1.7918382523459446 0.5740100248305327
167.32000000000002 1.7917311618455658 0.5733625461578256
167.33 1.7916240841451028 0.5727151029439352
167.34 1.7915170192422616 0.5720676951890558
167.35000000000002 1.7914099671347479 0.5714203228933754
167.36 1.7913029278202677 0.5707729860570837
167.37 1.7911959012965286 0.5701256846803748
167.38000000000002 1.7910888875612383 0.5694784187634372
167.39000000000001 1.7909818866121037 0.5688311883064617
167.4 1.790874898446834 0.5681839933096371
167.41 1.7907679230631386 0.5675368337731579
167.42000000000002 1.7906609604587267 0.5668897096972121
167.43 1.7905540106313085 0.5662426210819892
167.44 1.7904470735785953 0.5655955679276836
167.45000000000002 1.7903401492982984 0.5649485502344831
167.46 1.790233237788129 0.5643015680025776
167.47 1.790126339045799 0.5636546212321613
167.48000000000002 1.7900194530690234 0.563007709923422
167.49 1.7899125798555138 0.5623608340765494
167.5 1.789805719402985 0.5617139936917375
167.51000000000002 1.789698871709152 0.561067188769175
167.52 1.7895920367717286 0.5604204193090511
167.53 1.7894852145884321 0.5597736853115597
167.54000000000002 1.7893784051569777 0.5591269867768894
167.55 1.789271608475082 0.5584803237052294
167.56 1.789164824540463 0.5578336960967738
167.57000000000002 1.7890580533508387 0.5571871039517116
167.58 1.7889512949039266 0.5565405472702311
167.59 1.788844549197446 0.5558940260525271
167.60000000000002 1.7887378162291174 0.5552475402987878
167.61 1.788631095996659 0.5546010900092029
167.62 1.7885243884977926 0.5539546751839659
167.63000000000002 1.7884176937302396 0.5533082958232659
167.64000000000001 1.7883110116917207 0.5526619519272934
167.65 1.7882043423799585 0.5520156434962372
167.66 1.7880976857926756 0.5513693705302916
167.67000000000002 1.7879910419275962 0.5507231330296454
167.68 1.7878844107824428 0.5500769309944874
167.69 1.7877777923549407 0.549430764425012
167.70000000000002 1.787671186642815 0.5487846333214079
167.71 1.7875645936437898 0.5481385376838638
167.72 1.7874580133555926 0.547492477512574
167.73000000000002 1.78735144577595 0.5468464528077273
167.74 1.7872448909025873 0.5462004635695125
167.75 1.7871383487332342 0.5455545097981241
167.76000000000002 1.7870318192656178 0.5449085914937504
167.77 1.7869253024974667 0.5442627086565807
167.78 1.7868187984265107 0.543616861286809
167.79000000000002 1.78671230705048 0.5429710493846239
167.8 1.7866058283671038 0.5423252729502146
167.81 1.7864993623741139 0.5416795319837756
167.82000000000002 1.7863929090692412 0.5410338264854949
167.83 1.7862864684502173 0.5403881564555614
167.84 1.786180040514776 0.5397425218941702
167.85000000000002 1.7860736252606497 0.5390969228015096
167.86 1.7859672226855712 0.538451359177768
167.87 1.7858608327872758 0.5378058310231402
167.88000000000002 1.7857544555634979 0.5371603383378148
167.89000000000001 1.7856480910119723 0.5365148811219824
167.9 1.785541739130435 0.5358694593758319
167.91 1.7854353999166221 0.5352240730995574
167.92000000000002 1.7853290733682712 0.5345787222933479
167.93 1.785222759483118 0.5339334069573922
167.94 1.7851164582589019 0.5332881270918839
167.95000000000002 1.7850101696933613 0.532642882697013
167.96 1.7849038937842343 0.5319976737729675
167.97 1.7847976305292612 0.5313525003199419
167.98000000000002 1.7846913799261823 0.5307073623381244
167.99 1.7845851419727365 0.5300622598277049
168.0 1.7844789166666668 0.5294171927888768
168.01000000000002 1.7843727040057142 0.528772161221829
168.02 1.7842665039876209 0.5281271651267507
168.03 1.7841603166101292 0.5274822045038361
168.04000000000002 1.7840541418709834 0.5268372793532736
168.05 1.7839479797679265 0.5261923896752522
168.06 1.7838418302987031 0.5255475354699662
168.07000000000002 1.7837356934610582 0.5249027167376046
168.08 1.7836295692527369 0.5242579334783558
168.09 1.7835234576714856 0.5236131856924142
168.10000000000002 1.783417358715051 0.5229684733799689
168.11 1.7833112723811788 0.5223237965412083
168.12 1.7832051986676183 0.5216791551763268
168.13000000000002 1.7830991375721168 0.5210345492855132
168.14000000000001 1.7829930890924237 0.520389978868958
168.15 1.7828870532262862 0.5197454439268503
168.16 1.7827810299714557 0.5191009444593842
168.17000000000002 1.7826750193256826 0.5184564804667485
168.18 1.7825690212867167 0.5178120519491317
168.19 1.78246303585231 0.5171676589067286
168.20000000000002 1.7823570630202143 0.5165233013397277
168.21 1.7822511027881816 0.5158789792483177
168.22 1.782145155153965 0.5152346926326932
168.23000000000002 1.7820392201153186 0.5145904414930428
168.24 1.7819332976699953 0.5139462258295551
168.25 1.7818273878157507 0.5133020456424248
168.26000000000002 1.7817214905503391 0.5126579009318402
168.27 1.781615605871516 0.5120137916979908
168.28 1.7815097337770385 0.5113697179410699
168.29000000000002 1.7814038742646625 0.5107256796612671
168.3 1.7812980273321453 0.5100816768587708
168.31 1.7811921929772445 0.5094377095337754
168.32000000000002 1.781086371197719 0.5087937776864698
168.33 1.7809805619913264 0.5081498813170425
168.34 1.7808747653558274 0.507506020425688
168.35000000000002 1.7807689812889815 0.5068621950125949
168.36 1.7806632097885486 0.5062184050779523
168.37 1.7805574508522897 0.5055746506219545
168.38000000000002 1.7804517044779666 0.5049309316447899
168.39000000000001 1.7803459706633413 0.5042872481466494
168.4 1.7802402494061758 0.5036436001277216
168.41 1.780134540704234 0.5029999875882006
168.42000000000002 1.7800288445552788 0.5023564105282756
168.43 1.7799231609570745 0.5017128689481355
168.44 1.7798174899073858 0.5010693628479742
168.45000000000002 1.7797118314039777 0.5004258922279808
168.46 1.7796061854446164 0.49978245708834373
168.47 1.779500552027067 0.49913905742925746
168.48000000000002 1.779394931149098 0.4984956932509107
168.49 1.7792893228084754 0.4978523645534927
168.5 1.7791837270029673 0.497209071337197
168.51000000000002 1.7790781437303427 0.4965658136022129
168.52 1.7789725729883694 0.495922591348729
168.53 1.7788670147748176 0.4952794045769396
168.54000000000002 1.7787614690874576 0.4943341936598031
168.55 1.7786559359240581 0.4932340729253289
168.56 1.778550415282392 0.492134013483753
168.57000000000002 1.7784449071602306 0.49103401533540203
168.58 1.7783394115553446 0.4899340784806017
168.59 1.778233928465508 0.488834202919687
168.60000000000002 1.7781284578884937 0.4877343886529844
168.61 1.7780229998220745 0.4866346356808197
168.62 1.7779175542640258 0.4855327590363111
168.63000000000002 1.7778121212121212 0.4844273182030345
168.64000000000001 1.777706700664137 0.4833219650841269
168.65 1.7776012926178477 0.48221669967757314
168.66 1.7774958970710306 0.48111152198136736
168.67000000000002 1.7773905140214623 0.48000643199349435
168.68 1.7772851434669195 0.47890142971193883
168.69 1.777179785405181 0.477796515134695
168.70000000000002 1.777074439834025 0.47669168825974767
168.71 1.7769691067512303 0.47556941831669886
168.72 1.7768637861545757 0.4744430137564646
168.73000000000002 1.7767584780418422 0.4733167970563009
168.74 1.7766531824108096 0.47219076821110606
168.75 1.7765478992592594 0.47106492721578697
168.76000000000002 1.7764426285849733 0.4699392740652423
168.77 1.7763373703857321 0.4688138087543698
168.78 1.7762321246593198 0.4676885312780771
168.79000000000002 1.7761268914035193 0.4665634416312621
168.8 1.7760216706161136 0.4654385398088227
168.81 1.7759164622948878 0.46431382580566677
168.82000000000002 1.7758112664376262 0.46318929961669225
168.83 1.7757060830421132 0.46206496123679713
168.84 1.775600912106136 0.460940810660889
168.85000000000002 1.7754957536274802 0.4598168478838655
168.86 1.775390607603932 0.4586930729006249
168.87 1.77528547403328 0.4575694857060751
168.88000000000002 1.7751803529133112 0.4564460862951137
168.89000000000001 1.7750752442418145 0.45532287466264193
168.9 1.7749701480165778 0.45419985080355824
168.91 1.7748650642353916 0.4530770147127694
168.92000000000002 1.7747599928960458 0.4519543663851742
168.93 1.7746549339963298 0.45083190581567034
168.94 1.774549887534036 0.4497096329991651
168.95000000000002 1.774444853506955 0.4485875479305569
168.96 1.774339831912879 0.44746565060474375
168.97 1.7742348227496005 0.44634394101663305
168.98000000000002 1.7741298260149132 0.44522241916112276
168.99 1.7740248417066102 0.4441010850331109
169.0 1.7739198698224852 0.4429799386275052
169.01000000000002 1.773814910360334 0.44185897993920353
169.02 1.773709963317951 0.44073820896310406
169.03 1.7736050286931313 0.4396176256941141
169.04000000000002 1.7735001064836728 0.4384972301271319
169.05 1.7733951966873707 0.4373770222570555
169.06 1.7732902993020232 0.43625700207879226
169.07000000000002 1.7731854143254278 0.43513716958724036
169.08 1.773080541755382 0.4340175247772976
169.09 1.772975681589686 0.4328980676438715
169.10000000000002 1.7728708338261387 0.4317787981818606
169.11 1.7727659984625395 0.43065971638616257
169.12 1.7726611754966888 0.4295408222516847
169.13000000000002 1.7725563649263882 0.42842211577332545
169.14000000000001 1.7724515667494385 0.4273035969459858
169.15 1.7723467809636417 0.4261852657645639
169.16 1.772242007566801 0.4250671222239671
169.17000000000002 1.7721372465567184 0.42394916631909363
169.18 1.7720324979311979 0.42283139804484143
169.19 1.7719277616880431 0.4217138173961178
169.20000000000002 1.7718230378250592 0.42059642436782124
169.21 1.7717183263400507 0.4194792189548494
169.22 1.7716136272308236 0.41836220115211
169.23000000000002 1.7715089404951843 0.41724537095450087
169.24 1.7714042661309384 0.41612872835692033
169.25 1.7712996041358937 0.41501227335427576
169.26000000000002 1.771194954507858 0.4138960059414651
169.27 1.7710903172446386 0.4127799261133865
169.28 1.7709856923440455 0.4116640338649475
169.29000000000002 1.7708810798038872 0.4105483291910461
169.3 1.7707764796219727 0.40943281208658033
169.31 1.770671891796114 0.4083174825464577
169.32000000000002 1.7705673163241205 0.4072023405655763
169.33 1.770462753203803 0.40608738613883405
169.34 1.770358202432975 0.4049726192611383
169.35000000000002 1.7702536640094482 0.4038580399273877
169.36 1.7701491379310346 0.4027436481324796
169.37 1.7700446241955483 0.4016294438713221
169.38000000000002 1.769940122800803 0.4005154271388128
169.39000000000001 1.7698356337446137 0.3994015979298532
169.4 1.7697311570247933 0.39828795623934116
169.41 1.7696266926391597 0.39717450206218413
169.42000000000002 1.7695222405855273 0.3960612353932804
169.43 1.7694178008617127 0.3949481562275277
169.44 1.7693133734655335 0.39383526455983364
169.45000000000002 1.769208958394807 0.39272256038509634
169.46 1.7691045556473504 0.39161004369821406
169.47 1.769000165220983 0.3904977144940939
169.48000000000002 1.768895787113524 0.3893855727676341
169.49 1.768791421322792 0.38827361851373265
169.5 1.7686870678466076 0.3871618517272971
169.51000000000002 1.7685827266827923 0.3860502724032254
169.52 1.7684783978291647 0.38493888053641584
169.53 1.7683740812835484 0.3838276761217755
169.54000000000002 1.7682697770437656 0.3827166591542029
169.55 1.7681654851076378 0.38160582962859574
169.56 1.768061205472989 0.38049518753986167
169.57000000000002 1.7679569381376428 0.37938473288289876
169.58 1.7678526830994221 0.3782744656526048
169.59 1.767748440356153 0.3771643858438875
169.60000000000002 1.7676442099056606 0.37605449345164516
169.61 1.7675399917457697 0.3749447884707753
169.62 1.7674357858743075 0.3738352708961857
169.63000000000002 1.7673315922890998 0.37272594072277443
169.64000000000001 1.7672274109879749 0.37161679794544267
169.65 1.7671232419687593 0.37050784255908825
169.66 1.767019085229282 0.36939907455861914
169.67000000000002 1.7669149407673723 0.36829049393893293
169.68 1.766810808580858 0.36718210069492774
169.69 1.7667066886675702 0.3660738948215114
169.70000000000002 1.7666025810253394 0.3649658763135817
169.71 1.7664984856519945 0.3638580451660364
169.72 1.7663944025453688 0.36275040137378356
169.73000000000002 1.7662903317032936 0.361642944931721
169.74 1.7661862731236009 0.36053567583474655
169.75 1.7660822268041236 0.35942859407776795
169.76000000000002 1.7659781927426959 0.3583216996556832
169.77 1.7658741709371502 0.35721499256339034
169.78 1.7657701613853223 0.3561084727957968
169.79000000000002 1.7656661640850464 0.3550021403478008
169.8 1.7655621790341578 0.3538959952143002
169.81 1.7654582062304929 0.3527900373902027
169.82000000000002 1.7653542456718883 0.35168426687040616
169.83 1.7652502973561797 0.3505786836498087
169.84 1.765146361281206 0.3494732877233175
169.85000000000002 1.7650424374448046 0.34836807908583123
169.86 1.7649385258448134 0.3472630577322475
169.87 1.7648346264790722 0.346158223657474
169.88000000000002 1.7647307393454204 0.3450535768564086
169.89000000000001 1.7646268644416983 0.3439491173239527
169.9 1.7645230017657445 0.3428448450550042
