tolteca/scripts/kids_bin/reduced_zma
# %ECSV 1.0
# ---
# datatype:
# - {name: f_out, datatype: float64}
# - {name: f_in, datatype: float64}
# - {name: flag, datatype: float64}
# - {name: fp, datatype: float64}
# - {name: Qr, datatype: float64}
# - {name: Qc, datatype: float64}
# - {name: fr, datatype: float64}
# - {name: A, datatype: float64}
# - {name: normI, datatype: float64}
# - {name: normQ, datatype: float64}
# - {name: slopeI, datatype: float64}
# - {name: slopeQ, datatype: float64}
# - {name: interceptI, datatype: float64}
# - {name: interceptQ, datatype: float64}
# - {name: f_out_orig, datatype: float64}
# meta: !!omap
# - {Header.Toltec.AccumLen: 524288}
# - {Header.Toltec.ObsNum: 17112}
# - {Header.Toltec.RoachIndex: 9}
# - {Header.Toltec.ScanNum: 0}
# - {Header.Toltec.SubObsNum: 0}
# schema: astropy-2.0
f_out f_in flag fp Qr Qc fr A normI normQ slopeI slopeQ interceptI interceptQ f_out_orig
[from data line 72]
524667075.2653124 524666406.25 0.0 524666406.25 8123.716225937796 1.0 524667075.2653124 0.0 -43.63576130093456 39.24986922912908 -0.1936715990634397 -1.815622304134809 5247320.204337305 -519536.5898367369 524667075.2653124
525021921.1891301 525020410.15625 0.0 525020410.15625 7908.459172392271 1.0 525021921.1891301 0.0 -13.88839169026822 -57.90759184827287 1.138508272974875 -1.201639757036078 3379850.988655628 3461537.724254679 525021921.1891301
525449941.3726628 525449609.375 0.0 525449609.375 9222.268203068068 1.0 525449941.3726628 0.0 27.40471934378358 35.39214076064489 -1.608208536963165 0.120241073527717 -626218.609612812 -4936277.442222715 525449941.3726628
527985736.8136796 527984277.34375 0.0 527984277.34375 8440.07590616179 1.0 527985736.8136796 0.0 -38.93165938854235 -5.959599127446539 -0.3525907568774918 -1.503573211948095 4519042.028004521 -928470.9265158568 527985736.8136796
528301240.4621523 528300195.3125 0.0 528300195.3125 8709.53764237981 1.0 528301240.4621523 0.0 2.521944893024255 41.36489908515731 -1.496480145960387 0.1257889875210264 -751515.5837696352 -4485210.106819039 528301240.4621523
529507254.0420344 529506250.0 0.0 529506250.0 11566.55021134319 1.0 529507254.0420344 0.0 -5.949859981721566 -24.83663870377195 0.7666098098791481 -0.992355685034301 1507536.396007574 3985957.029658853 529507254.0420344
529652804.6857699 529652734.375 0.0 529652734.375 13086.25329718413 1.0 529652804.6857699 0.0 15.43161672696768 -1.718162485120929 -1.037644355923185 0.9428888895574612 -4091036.195972105 -572881.6194984893 529652804.6857699
530577838.3123355 530576562.5 0.0 530576562.5 8311.884256403056 1.0 530577838.3123355 0.0 -71.86839938399038 -18.09885789688931 -0.2855251342281028 -1.58951686862402 5115418.613048662 -969414.4167177125 530577838.3123355
532246716.1517513 532245507.8125 0.0 532245507.8125 8917.925955315957 1.0 532246716.1517513 0.0 -44.09342334385294 9.402078490754073 -0.87102863563835 -1.243771581439522 3867750.881720756 -2567791.671551982 532246716.1517513
532673797.7364543 532672753.90625 0.0 532672753.90625 9059.414230019473 1.0 532673797.7364543 0.0 7.710429908599433 29.47213997625494 -1.527390270242765 -0.2452084636282197 567318.9577815348 -4509127.22130688 532673797.7364543
533334554.426885 533332910.15625 0.0 533332910.15625 8454.509540222018 1.0 533334554.426885 0.0 22.26712081696417 77.36836728740873 -1.497966725444147 1.024868057149414 -2913021.291989956 -4604927.593710653 533334554.426885
533655797.2287838 533655175.78125 0.0 533655175.78125 9281.461887656638 1.0 533655797.2287838 0.0 -0.5895575140472107 -25.28225223111957 1.415397904551895 0.792294886969258 -1840486.380850953 4062861.252552261 533655797.2287838
534428067.3746676 534427148.4375 0.0 534427148.4375 9615.451267590324 1.0 534428067.3746676 0.0 -22.91370444199978 6.710232099465372 0.2293834950870725 -1.477043109342884 4461700.34800268 790266.934863964 534428067.3746676
535384239.3603611 535382714.84375 0.0 535382714.84375 8183.661650260427 1.0 535384239.3603611 0.0 -1.533148135713536 60.5100249329402 -2.283304103662887 -0.01694852819544975 951266.9945747689 -5324219.216078913 535384239.3603611
535586560.6090638 535584863.28125 0.0 535584863.28125 9010.50027873452 1.0 535586560.6090638 0.0 -42.17281009373494 -32.44365732335404 0.7580359200911201 -1.958761313059785 5043012.106112353 496490.8392113914 535586560.6090638
536193108.8101931 536192285.15625 0.0 536192285.15625 8886.724315858555 1.0 536193108.8101931 0.0 8.7091909485779 39.36594882800431 -1.575491969599709 0.1744303577099595 -530016.3961754186 -4808441.492650425 536193108.8101931
539634218.4290838 539632714.84375 0.0 539632714.84375 9091.694491655917 1.0 539634218.4290838 0.0 7.824163679514637 -30.54025951187092 1.59118103043612 1.581043404827082 -4512305.657140038 1396835.407088631 539634218.4290838
539796373.5006105 539794824.21875 0.0 539794824.21875 9075.08878052116 1.0 539796373.5006105 0.0 20.76185940033352 48.00663453736511 -0.6342998138834747 1.244345272445917 -4708381.458102504 -2294087.121202671 539796373.5006105
539948388.801314 539998437.5 0.0 539998437.5 9826.478970237982 1.0 539948388.801314 0.0 -18.96480117962488 12.26732757609359 1.687773451130842 -1.21345274334944 4271967.825932786 2069397.572835873 539948388.801314
541543632.3902855 541542382.8125 0.0 541542382.8125 8614.045614757297 1.0 541543632.3902855 0.0 -38.00831003268728 -23.09144696481756 0.4380994332747598 -1.583703112514293 4875875.668249316 1572463.353155393 541543632.3902855
542205409.432712 542203515.625 0.0 542203515.625 8820.389360107576 1.0 542205409.432712 0.0 -23.43080847740065 10.15975350901726 -0.9467185712947146 -1.285113239156613 3901767.086503655 -2613822.916640471 542205409.432712
542629141.578121 542627832.03125 0.0 542627832.03125 9207.072731026477 1.0 542629141.578121 0.0 22.26912999175843 10.75533162810104 -1.004046222032557 1.526481759954956 -3726841.903913947 -2821423.825689202 542629141.578121
542984110.7817253 542986230.46875 0.0 542986230.46875 4003.975605181848 1.0 542984110.7817253 0.0 223.1961514548977 1.647731406469332 0.2042558293553258 2.274495176199271 -5072856.751741245 605094.1169279877 542984110.7817253
543918107.8442641 543916894.53125 0.0 543916894.53125 9471.479025595252 1.0 543918107.8442641 0.0 -43.3115411554667 -5.880257172843346 -1.269867536941963 0.7000111096503293 2313908.653145985 -4465767.793502131 543918107.8442641
544051533.4350783 544051660.15625 0.0 544051660.15625 11385.36879326965 1.0 544051533.4350783 0.0 31.19251978714859 -8.915246284987896 0.2314792298591322 0.009176347828575683 -3950191.824746653 -3824143.451650854 544051533.4350783
544179774.9063181 544182519.53125 0.0 544182519.53125 14435.38908818299 1.0 544179774.9063181 0.0 9.545117028832935 14.21952221719897 -1.767751346623889 -1.462509405153055 -263458.4998482408 -5215048.844310272 544179774.9063181
544688686.9665577 544687402.34375 0.0 544687402.34375 8911.223600636638 1.0 544688686.9665577 0.0 -36.12805000135921 21.45314940787928 -1.327704386540942 -1.135757310166236 3412320.562005124 -3831425.641717537 544688686.9665577
545461098.6192276 545460351.5625 0.0 545460351.5625 10757.56198615091 1.0 545461098.6192276 0.0 -26.68409496280299 30.86856210364603 -1.83695355555953 -0.08023798892101 3892575.97208878 -3926040.685222835 545461098.6192276
545608135.7717774 545607324.21875 0.0 545607324.21875 12311.72580227933 1.0 545608135.7717774 0.0 11.27962369351539 -27.28516567679717 0.8852855516821572 1.722657821169929 -1717801.581967694 4935591.834492858 545608135.7717774
546842025.5067897 546840722.65625 0.0 546840722.65625 6457.794351271884 1.0 546842025.5067897 0.0 -121.056140403702 67.73575826325792 -0.8393365532199524 -1.958069677136306 6160026.679448998 -2241532.322287241 546842025.5067897
549162697.114695 549161523.4375 0.0 549161523.4375 8936.509941677066 1.0 549162697.114695 0.0 10.25769788438965 24.60558045431201 -1.294305472617339 0.7694219544970757 -2397493.529644803 -4339731.531186393 549162697.114695
550609828.1516235 550607324.21875 0.0 550607324.21875 5211.935608641053 1.0 550609828.1516235 0.0 52.47563172126526 112.3339941611026 -1.983554310171441 1.230335385607005 -831970.7652817764 -5203675.659035048 550609828.1516235
550790129.5221648 550788476.5625 0.0 550788476.5625 9873.285301900238 1.0 550790129.5221648 0.0 16.77112202905028 32.87499323985616 -1.524546035071569 1.651089127762207 -5050604.868457272 -826758.4333857032 550790129.5221648
552188831.9804718 552187890.625 0.0 552187890.625 8304.432126631586 1.0 552188831.9804718 0.0 26.34598246568645 35.31371313972087 -1.608758364901439 0.6478684518848162 -1992329.270165856 -5195219.999158179 552188831.9804718
552995371.5337465 552993554.6875 0.0 552993554.6875 8538.147197294606 1.0 552995371.5337465 0.0 52.63688227924109 -15.94160414734318 0.9151451489576562 1.659149816228747 -5172240.568324957 2563569.978415164 552995371.5337465
553378413.1973644 553376855.46875 0.0 553376855.46875 8915.441023839412 1.0 553378413.1973644 0.0 -63.9624042000048 0.4374690609924418 0.3271072355096073 -1.946597689272792 5897124.280853214 821125.7970025451 553378413.1973644
554288330.2450125 554286523.4375 0.0 554286523.4375 8481.57545127552 1.0 554288330.2450125 0.0 49.00322425981827 30.75751121475019 -0.4838753806523293 2.210361155388148 -5451965.419193088 -1925004.833750598 554288330.2450125
554546297.0885952 554544824.21875 0.0 554544824.21875 8810.86261044435 1.0 554546297.0885952 0.0 -19.23546486490496 65.69307935292355 -2.75932455586556 -0.9235834026122274 2489755.261022341 -5745858.370534215 554546297.0885952
554747495.6278677 554745507.8125 0.0 554745507.8125 8806.730784431773 1.0 554747495.6278677 0.0 -41.52367261663134 64.7636311366304 -2.3041737749247 -1.116672747367328 641392.8349847982 -5868651.525070566 554747495.6278677
555725448.1568992 555723046.875 0.0 555723046.875 8591.560578468594 1.0 555725448.1568992 0.0 31.10162833710748 -4.583127692782153 -0.6626379458934185 2.295970339168575 -4949252.315808536 -2266902.965905321 555725448.1568992
555931208.1158656 555929589.84375 0.0 555929589.84375 6846.907560613129 1.0 555931208.1158656 0.0 52.68383932849643 -40.46458797748035 0.7484479512429933 -0.2447897964152336 1276404.313398527 4214454.945807875 555931208.1158656
556953269.6811175 556950097.65625 0.0 556950097.65625 11706.73094643169 1.0 556953269.6811175 0.0 15.34775327883774 7.251445760298556 0.1784661585633057 1.610509154039228 -4775245.929881363 -1311386.27083257 556953269.6811175
557940918.7302784 557938867.1875 0.0 557938867.1875 8128.63218326269 1.0 557940918.7302784 0.0 10.80598595596483 -79.38845503491805 1.97549511221733 -0.1452465632616304 351393.7636383153 6159658.52119752 557940918.7302784
558541876.5099443 558540429.6875 0.0 558540429.6875 7893.057321650284 1.0 558541876.5099443 0.0 -8.450533550774233 62.30060265819005 -1.991822473403916 -0.4941969117829688 1562115.811372532 -5755415.019963704 558541876.5099443
559044039.8384509 559042871.09375 0.0 559042871.09375 7844.626515177196 1.0 559044039.8384509 0.0 -126.9591571209363 -12.04767554829411 0.1352996243433056 -1.88090209741265 5472224.605904493 373589.5093363824 559044039.8384509
560219653.7183392 560217675.78125 0.0 560217675.78125 5223.197801990162 1.0 560219653.7183392 0.0 -52.44086103240222 142.9966753882578 -1.638558821936738 -0.3571469112663067 -423651.357281738 -5416730.135802248 560219653.7183392
561060578.4131116 561059472.65625 0.0 561059472.65625 9674.410286997494 1.0 561060578.4131116 0.0 -20.70354487648977 -33.2205902713363 1.945800079406017 -1.102530551823073 789080.7325875489 5578295.624956635 561060578.4131116
561233975.2711711 561232324.21875 0.0 561232324.21875 10315.13611286407 1.0 561233975.2711711 0.0 32.2389098659015 2.307339665189507 -0.463646645418137 2.266172804009434 -5287233.075564519 639038.6123482161 561233975.2711711
561537235.0973576 561535546.875 0.0 561535546.875 7643.92904511476 1.0 561537235.0973576 0.0 -37.62975225786967 45.37193453311391 -1.706267291595076 -1.143596181456476 2951063.142953605 -4897439.788104411 561537235.0973576
563252183.7693963 563252343.75 0.0 563252343.75 8541.941957345836 1.0 563252183.7693963 0.0 20.74251123915592 -23.71264528580216 1.212610779403596 1.082647465711151 -3490206.488762823 3791322.458599343 563252183.7693963
564217691.4737024 564215722.65625 0.0 564215722.65625 9405.121361136324 1.0 564217691.4737024 0.0 -14.48088438789742 -24.64815803296285 1.490488928956567 -1.135490621900705 2688251.400104931 4377474.861222669 564217691.4737024
564477561.398693 564475976.5625 0.0 564475976.5625 8791.793722412618 1.0 564477561.398693 0.0 17.82938994335198 -35.55970364261879 1.753936749362988 0.8774686694881173 -2193871.726212133 4970158.688058348 564477561.398693
565004222.2070156 565003320.3125 0.0 565003320.3125 7906.668442269844 1.0 565004222.2070156 0.0 -3.12485012579532 -50.59379711219028 1.875917288821313 -0.1197314066478506 194070.3550645774 5572770.497109045 565004222.2070156
565662458.9404073 565660546.875 0.0 565660546.875 7728.568439043063 1.0 565662458.9404073 0.0 -16.74748557545017 85.44555931373057 -2.064692394961505 -0.3447860419927412 1313306.107342216 -6049121.262987836 565662458.9404073
566149935.3824663 566147363.28125 0.0 566147363.28125 3450.807259209244 1.0 566149935.3824663 0.0 -76.35145931335319 -160.7793860641283 0.4623235717465186 -0.9978505920129296 5311997.13746744 -523243.2363878604 566149935.3824663
566272698.1538436 566271875.0 0.0 566271875.0 4374.874143469689 1.0 566272698.1538436 0.0 -111.7640415702579 85.50648528407832 -0.2163246914358113 -1.483209164841764 4293221.530533402 2806872.298912018 566272698.1538436
566452929.4478974 566448144.53125 0.0 566448144.53125 9784.118116678288 1.0 566452929.4478974 0.0 -14.78385129799495 17.27540498255506 -2.44085548000413 -0.2079836726389312 -701563.64217005 -4880154.661965225 566452929.4478974
566730252.2763175 566728417.96875 0.0 566728417.96875 8497.510160078036 1.0 566730252.2763175 0.0 -51.55674133900786 -24.4984523885031 1.148751826517717 -1.773624383067094 4853737.435324514 2780263.320525925 566730252.2763175
567256410.9258465 567254785.15625 0.0 567254785.15625 8161.818551431426 1.0 567256410.9258465 0.0 16.3063523220795 -47.13129952372826 1.619663612144493 0.7994719135498501 -2500350.036368298 4812438.129589791 567256410.9258465
569316282.2896053 569314843.75 0.0 569314843.75 9628.286221931246 1.0 569316282.2896053 0.0 -16.58770096975988 27.60968504185303 -2.456962961024398 -0.722296598920022 3330102.299886335 -4036708.309495573 569316282.2896053
569463380.7844391 569462304.6875 0.0 569462304.6875 3737.97118573879 1.0 569463380.7844391 0.0 159.2605233819173 -15.37637484051508 -0.3579055792704836 0.8674385645447874 2935732.363152392 3538040.412593169 569463380.7844391
569623534.6345317 569621972.65625 0.0 569621972.65625 6321.712273779695 1.0 569623534.6345317 0.0 50.91591720466874 -95.81578513660186 0.1712132934151959 1.113040192523447 -4930753.845946718 -67621.4954197933 569623534.6345317
569907421.1133778 569906152.34375 0.0 569906152.34375 10103.75460582445 1.0 569907421.1133778 0.0 64.40902415400303 -11.67323041191979 1.899402165537182 1.157854211380803 -5905414.040648217 2019290.457214891 569907421.1133778
570055344.7137948 570054589.84375 0.0 570054589.84375 13476.49666691027 1.0 570055344.7137948 0.0 -29.08717638271886 -0.8418570850975328 2.018300801896592 -1.01285221880364 5027464.594357231 909278.8815334785 570055344.7137948
571293753.3666881 571292382.8125 0.0 571292382.8125 8526.335657999965 1.0 571293753.3666881 0.0 -2.170286292486266 -46.41151947385396 1.981699097274833 -0.1485980159715617 -537504.6008347791 5365047.416947234 571293753.3666881
571573953.4516854 571572167.96875 0.0 571572167.96875 8265.712413459109 1.0 571573953.4516854 0.0 52.93341157410964 -13.61567458790043 0.0850231058009303 2.214542725750836 -5556709.442794967 -160283.0961001152 571573953.4516854
571848035.6693417 571846582.03125 0.0 571846582.03125 8122.667108220048 1.0 571848035.6693417 0.0 39.07668439625828 -40.72952126593655 1.294653972886042 1.653306315728781 -4201685.269638683 3378278.309755698 571848035.6693417
572261946.373291 572260644.53125 0.0 572260644.53125 7772.698943225203 1.0 572261946.373291 0.0 -45.49159352237232 -30.60811679590974 1.057367983585554 -1.425236985154062 4142836.924990206 3243980.17461176 572261946.373291
573212883.5471035 573210839.84375 0.0 573210839.84375 8615.051664678898 1.0 573212883.5471035 0.0 -22.36930535113502 13.48973288167357 -1.111330591226243 -0.9392607724970917 3229674.292215921 -3368259.117920505 573212883.5471035
574060435.8476483 574059472.65625 0.0 574059472.65625 7904.280918993206 1.0 574060435.8476483 0.0 -13.46015641140186 30.22333699529012 -1.619743490989964 -0.05015020223623688 541724.3854387534 -4877438.77835006 574060435.8476483
