tolteca/scripts/kids_bin/reduced_zma
# %ECSV 1.0
# ---
# datatype:
# - {name: f_out, datatype: float64}
# - {name: f_in, datatype: float64}
# - {name: flag, datatype: float64}
# - {name: fp, datatype: float64}
# - {name: Qr, datatype: float64}
# - {name: Qc, datatype: float64}
# - {name: fr, datatype: float64}
# - {name: A, datatype: float64}
# - {name: normI, datatype: float64}
# - {name: normQ, datatype: float64}
# - {name: slopeI, datatype: float64}
# - {name: slopeQ, datatype: float64}
# - {name: interceptI, datatype: float64}
# - {name: interceptQ, datatype: float64}
# - {name: f_out_orig, datatype: float64}
# meta: !!omap
# - {Header.Toltec.AccumLen: 524288}
# - {Header.Toltec.ObsNum: 17112}
# - {Header.Toltec.RoachIndex: 9}
# - {Header.Toltec.ScanNum: 0}
# - {Header.Toltec.SubObsNum: 0}
# schema: astropy-2.0
f_out f_in flag fp Qr Qc fr A normI normQ slopeI slopeQ interceptI interceptQ f_out_orig
[from data line 143]
575042858.0423505 575041406.25 0.0 575041406.25 10181.35995651455 1.0 575042858.0423505 0.0 -18.15661901247552 -15.92434362597537 1.644290638717897 -1.511030985436976 1828649.849583783 4662807.872110609 575042858.0423505
575218887.2354201 575208886.71875 0.0 575208886.71875 15035.32661080183 1.0 575218887.2354201 0.0 -13.75760072285078 9.510565515685448 -1.71710559711477 -0.8759144683577917 3033850.058227507 -3534130.533640235 575218887.2354201
575484889.0466045 575485253.90625 0.0 575485253.90625 10103.00513070123 1.0 575484889.0466045 0.0 -15.87495007888774 -21.63811970264959 0.1776991217712708 0.1266823985648593 -4470205.290063928 1664226.53676365 575484889.0466045
575590669.2970552 575589746.09375 0.0 575589746.09375 14149.92503996513 1.0 575590669.2970552 0.0 -8.39727145263691 -9.508919862877354 1.743887293729285 -0.2763349238379867 3217617.695127679 3029879.150839623 575590669.2970552
577597044.2993749 577595117.1875 0.0 577595117.1875 7758.337783245131 1.0 577597044.2993749 0.0 6.582290358698986 -42.66909908559889 1.527138173188064 0.5587320323296523 -2198648.414890646 4780806.72826658 577597044.2993749
578078929.3774436 578078027.34375 0.0 578078027.34375 10978.51291147878 1.0 578078929.3774436 0.0 -1.716015315091501 -27.02852084501278 1.410252896734848 -0.1428466843645212 -2487907.562745281 4518099.991393867 578078929.3774436
578216276.9879843 578214746.09375 0.0 578214746.09375 13691.88955583433 1.0 578216276.9879843 0.0 -2.271053291848743 15.35265072630153 -1.605258995894215 -1.026077545081245 -206517.8573940062 -5214836.271104853 578216276.9879843
578720300.9767458 578719140.625 0.0 578719140.625 8485.391005895328 1.0 578720300.9767458 0.0 -3.502001077103513 30.69357847702713 -1.414119448998537 0.6627813189542152 -1952779.528256174 -4594930.011060338 578720300.9767458
580206610.6057723 580205957.03125 0.0 580205957.03125 7790.639512948085 1.0 580206610.6057723 0.0 -37.96837170048118 -11.16628074668473 0.8701654002967024 -1.212741219618143 4096317.803022734 3086285.890794559 580206610.6057723
581448136.888878 581446679.6875 0.0 581446679.6875 8136.14499101296 1.0 581448136.888878 0.0 37.4978084106222 5.017501438937346 0.3553927671924818 1.476280731138367 -5089665.42768258 1070443.471700563 581448136.888878
582488074.8334674 582486718.75 0.0 582486718.75 9267.614810505363 1.0 582488074.8334674 0.0 -33.40751352692202 -7.579358389193463 0.3975439403231393 -1.526704147090287 5073946.625819691 1451480.405673143 582488074.8334674
583371607.9730022 583370019.53125 0.0 583370019.53125 8152.015943731493 1.0 583371607.9730022 0.0 -38.91268590072054 -3.282480906196561 0.924460928515871 -1.379880233402455 4600920.237585285 3242351.902862919 583371607.9730022
584469592.7853805 584467675.78125 0.0 584467675.78125 8500.596303518265 1.0 584469592.7853805 0.0 34.18207148513702 34.8480688160972 -0.3189835610223992 1.812592592010551 -5445470.984054337 -1617314.243241356 584469592.7853805
584731849.229057 584730371.09375 0.0 584730371.09375 8914.720851131418 1.0 584731849.229057 0.0 -25.03424868380332 17.50986611385104 -0.3587502403927185 -1.696893237918439 4830777.816230394 -1946750.165543833 584731849.229057
585914999.8115759 585912500.0 0.0 585912500.0 9537.197983654527 1.0 585914999.8115759 0.0 35.01521827673113 -2.590821445594075 -0.3296410171731856 2.374344055802648 -4819696.317203629 -3906421.061625278 585914999.8115759
586058517.5262704 586056054.6875 0.0 586056054.6875 9907.231082563947 1.0 586058517.5262704 0.0 -40.3260269670798 -1.692233222234839 -0.5547079015241584 -1.767675903229629 3602572.181541156 -4590365.547607747 586058517.5262704
587879294.8301848 587878320.3125 0.0 587878320.3125 8060.822327174023 1.0 587879294.8301848 0.0 -28.22229195825029 30.45438884297446 -1.4166257136631 -0.9945203421482709 3264914.121150707 -4598165.944772794 587879294.8301848
588514119.6607815 588512109.375 0.0 588512109.375 8293.957522538954 1.0 588514119.6607815 0.0 -47.47980539265747 12.12381464117777 -0.9512565247185851 -1.852300045243407 5372659.820071462 -2370377.020916793 588514119.6607815
588774959.2529292 588772363.28125 0.0 588772363.28125 7788.663645897826 1.0 588774959.2529292 0.0 -33.17653579087033 -43.48020250601983 1.175534182986312 -1.661578738233549 5394802.065328306 2644736.654872856 588774959.2529292
589941434.219133 589939355.46875 0.0 589939355.46875 7987.871541312313 1.0 589941434.219133 0.0 1.560553957162887 59.12944133668396 -1.719769996179182 0.5286596550530381 -1811666.130325804 -5811164.01587359 589941434.219133
591418536.6624519 591418359.375 0.0 591418359.375 6535.95840894726 1.0 591418536.6624519 0.0 14.74030446493827 64.19319861255468 0.4588243614278661 0.6793915031352712 -5513171.690089506 271074.4756717894 591418536.6624519
591419388.606629 591351953.125 0.0 591351953.125 6573.196484331475 1.0 591419388.606629 0.0 -59.86306286877253 46.87953515132855 -1.315833683330011 1.147993904387288 -1593971.347964654 -5540206.436723872 591419388.606629
591569359.8253409 591566308.59375 0.0 591566308.59375 3688.546288536834 1.0 591569359.8253409 0.0 35.20294306566273 -163.3535005416653 0.5278469292972457 0.7460123670040749 -6925665.004619411 -38552.64334867575 591569359.8253409
594330814.7669319 594329003.90625 0.0 594329003.90625 4716.4511361132 1.0 594330814.7669319 0.0 -189.0548522793892 -117.5837273839719 1.142414551926624 -2.528172226988246 6953304.001982439 3550450.802427601 594330814.7669319
596496283.9955533 596494531.25 0.0 596494531.25 10409.33103908795 1.0 596496283.9955533 0.0 -38.75975991728312 -2.167863382117242 -1.006143692288709 -1.962103669647801 5906997.547826687 1152143.645160997 596496283.9955533
596648970.8563311 596646386.71875 0.0 596646386.71875 10850.54041128089 1.0 596648970.8563311 0.0 -32.49848742107056 11.31894042283333 -0.009144995892748482 -1.903593721931087 3862645.348322505 -4065717.947363274 596648970.8563311
598686428.820611 598684472.65625 0.0 598684472.65625 7575.728925055349 1.0 598686428.820611 0.0 65.68636170006216 14.95631606845067 -0.1483591483312635 1.96140493960885 -6142752.324432277 -705728.3132543343 598686428.820611
599199043.1374062 599197656.25 0.0 599197656.25 7411.907129063096 1.0 599199043.1374062 0.0 64.57084678689708 -28.84882560130169 1.054244120490846 1.661947150963905 -5259504.012560633 3288551.161155545 599199043.1374062
600735235.367696 600733300.78125 0.0 600733300.78125 7849.693832759133 1.0 600735235.367696 0.0 -46.35904617638977 36.88483840210628 -1.138588766137671 -1.565416190584977 5033964.626632538 -3332165.302804662 600735235.367696
601376312.1083057 601373925.78125 0.0 601373925.78125 7363.29469434581 1.0 601376312.1083057 0.0 50.67136858549329 -66.6535543067623 1.798661850803415 1.143819696762291 -3703004.916595045 5096647.450725819 601376312.1083057
601784182.916335 601782128.90625 0.0 601782128.90625 7868.43413012864 1.0 601784182.916335 0.0 -63.21321405591128 -11.62606776776679 0.1419725225821556 -2.297190819047865 6024926.462718409 758473.7338416819 601784182.916335
602100486.7034167 602098535.15625 0.0 602098535.15625 7277.127640550093 1.0 602100486.7034167 0.0 -73.27031569697444 25.70755502571539 -0.7594850011707119 -1.99513908127397 5540540.012937641 -2451376.326075818 602100486.7034167
602693506.6925008 602674218.75 0.0 602674218.75 1671.866344489155 1.0 602693506.6925008 0.0 151.8026181970562 -62.85299147514513 -0.6796530778694136 -1.170916524632664 5085172.609204232 -2006529.726868527 602693506.6925008
603029226.5718611 603027734.375 0.0 603027734.375 7151.766630947873 1.0 603029226.5718611 0.0 30.79903707867861 -56.20439870315413 1.522466903324369 1.030106438798129 -3553870.460430398 4811650.134218386 603029226.5718611
604648882.6616173 604647851.5625 0.0 604647851.5625 7844.250291812285 1.0 604648882.6616173 0.0 -12.67686603799851 -41.54040634963862 1.663326194598997 -0.3992403816500918 1011803.164665802 5480861.138658401 604648882.6616173
605834497.4498305 605832910.15625 0.0 605832910.15625 7677.842863252679 1.0 605834497.4498305 0.0 -2.539591489576206 54.61069744501264 -1.772987993494619 -0.329256112207624 1428673.190660394 -5729058.157350977 605834497.4498305
607122705.6269224 607121484.375 0.0 607121484.375 7304.17648564488 1.0 607122705.6269224 0.0 7.457734433075972 -88.19234011565689 1.933234946220187 0.5510029126969238 -2166895.838738488 6093103.727515342 607122705.6269224
607799441.6070282 607797265.625 0.0 607797265.625 6705.671621457729 1.0 607799441.6070282 0.0 -74.17120875578607 132.3843415652414 -1.594020366484841 -1.064400639895858 3922253.382295731 -5110273.327677264 607799441.6070282
608594887.4002117 608580957.03125 0.0 608580957.03125 2841.322880522682 1.0 608594887.4002117 0.0 -37.83094163944706 29.46203628734137 1.023046066835755 1.07300724585109 -4251931.327520793 3450897.427766319 608594887.4002117
610153144.9131677 610153710.9375 0.0 610153710.9375 7732.576407991169 1.0 610153144.9131677 0.0 -21.50319729835024 20.22262993114672 -0.8179452421250909 -1.237188520006228 4304575.848425872 -2544542.981480019 610153144.9131677
611532699.9443676 611531152.34375 0.0 611531152.34375 7791.91388566286 1.0 611532699.9443676 0.0 36.73308954842476 -13.83709131530992 0.7616227828995011 1.391322404484173 -4739399.396171066 2101930.793990277 611532699.9443676
612047890.8349733 612045800.78125 0.0 612045800.78125 7064.502431776709 1.0 612047890.8349733 0.0 41.38565103339916 -47.65893795359044 0.7371129906670072 1.603050038614787 -5404480.773031834 2267333.451359891 612047890.8349733
613906567.4083228 613905664.0625 0.0 613905664.0625 7347.835062680435 1.0 613906567.4083228 0.0 15.06946041546128 -54.7008758671289 1.361558033741854 1.046306294785595 -3768602.072851622 4350291.968145877 613906567.4083228
614507911.1749322 614506738.28125 0.0 614506738.28125 7705.687956260188 1.0 614507911.1749322 0.0 -54.47947567941308 -9.801610046591229 0.849519082177697 -1.617411901519965 5109710.493476661 3030618.120005127 614507911.1749322
615471710.6535183 615469628.90625 0.0 615469628.90625 7506.317840018844 1.0 615471710.6535183 0.0 -46.58588936417657 -35.54439372073195 1.664151313348336 -1.323831998277344 2978521.042393178 5119304.324084745 615471710.6535183
615705667.176194 615703515.625 0.0 615703515.625 7905.024275700123 1.0 615705667.176194 0.0 -42.05473533595594 -0.1303477499562494 -1.076540018261275 -1.761409326397252 4264719.33433561 -3326456.74609116 615705667.176194
616211328.4526585 616210351.5625 0.0 616210351.5625 7420.287922187099 1.0 616211328.4526585 0.0 32.04562843814308 -38.78138247242364 0.5871829075970173 1.737604350440745 -5615533.517602575 1838812.543367899 616211328.4526585
617136806.9674966 617134667.96875 0.0 617134667.96875 7647.387462362773 1.0 617136806.9674966 0.0 6.661514834516622 -28.1098308846639 1.479065470069416 0.5273115955702721 -1990291.891528181 4881576.447682846 617136806.9674966
618546574.1098922 618544824.21875 0.0 618544824.21875 6839.665916432603 1.0 618546574.1098922 0.0 46.11697930109398 20.57437798886156 -0.7312354452747716 1.500321090170052 -5065290.360199948 -2622100.393850179 618546574.1098922
619385621.0737941 619384179.6875 0.0 619384179.6875 7623.775445820683 1.0 619385621.0737941 0.0 -19.58612506936388 -26.98784241131069 0.608444859102228 -1.505651824264942 4921256.972041807 2214788.733847762 619385621.0737941
620008473.0296838 620008203.125 0.0 620008203.125 7280.973068682133 1.0 620008473.0296838 0.0 -41.33219418097765 -7.710807333281195 1.195908756831237 -1.385517567885852 4606882.943130624 4031219.543995177 620008473.0296838
621774631.6118474 621773828.125 0.0 621773828.125 7603.445615326161 1.0 621774631.6118474 0.0 -35.75307284275998 33.878678463313 -0.3790076552478993 -1.730229392624319 5847088.063857199 -1127134.319553955 621774631.6118474
622553846.180542 622554101.5625 0.0 622554101.5625 7241.03804819 1.0 622553846.180542 0.0 27.70565815249384 -17.5547760282971 0.9753919153864125 1.3173195129814 -4509019.718933747 3129028.88138459 622553846.180542
624775869.9660054 624776757.8125 0.0 624776757.8125 7443.303443223741 1.0 624775869.9660054 0.0 -24.70191920867099 17.87097910954115 -0.8461361658502308 -1.400751170301107 4729361.983189903 -2766068.845865573 624775869.9660054
625808407.6683122 625808007.8125 0.0 625808007.8125 7422.298679199806 1.0 625808407.6683122 0.0 25.93871902727929 -39.51324947878371 1.69219744875051 0.2227254205240737 -912815.6732213316 5529393.703166053 625808407.6683122
626396708.9320134 626395410.15625 0.0 626395410.15625 8136.656152182078 1.0 626396708.9320134 0.0 18.37347878161324 27.5803037707702 -1.646802551272308 0.5560565033069675 -1752545.156315143 -5294049.70646283 626396708.9320134
627394075.7521605 627396875.0 0.0 627396875.0 3617.178164119798 1.0 627394075.7521605 0.0 117.0233911167568 -78.3245021901543 0.8364422280890902 1.702522314831943 -5696520.474784559 310598.9807180021 627394075.7521605
627395135.5733792 627397363.28125 0.0 627397363.28125 3566.220737427103 1.0 627395135.5733792 0.0 139.3044424598272 -68.07943555027688 0.6382865519147466 1.960238005801 -6181241.266309758 -569069.9928940109 627395135.5733792
628453019.0129501 628453515.625 0.0 628453515.625 7372.007892383581 1.0 628453019.0129501 0.0 26.18585253871614 18.97495104940127 -1.227712509466112 1.048952099948528 -3362142.000769982 -4152563.591321586 628453019.0129501
629671138.0003527 629670800.78125 0.0 629670800.78125 8076.313503080592 1.0 629671138.0003527 0.0 17.55472420740832 30.30555394466168 -1.530528997888291 0.7289630711498994 -1885098.495595042 -4989612.950857992 629671138.0003527
630015748.8325925 630015527.34375 0.0 630015527.34375 7538.992631481412 1.0 630015748.8325925 0.0 -0.004655462286892842 34.06585711603731 -1.574603684609904 -0.8462948977815696 2544805.6197049 -4916647.256787537 630015748.8325925
632116785.6747774 632110253.90625 0.0 632110253.90625 3678.47747764436 1.0 632116785.6747774 0.0 21.01913040643276 29.37478671935811 1.090723159644124 -1.07873355292464 3766617.666679382 4181455.064216146 632116785.6747774
633160333.6748914 633159082.03125 0.0 633159082.03125 7831.704567300498 1.0 633160333.6748914 0.0 -13.84140681161716 33.32463184519897 -1.516283008953896 -0.3880851611042027 1421556.594507597 -4837854.234670456 633160333.6748914
633808696.8959601 633807031.25 0.0 633807031.25 7360.501073822214 1.0 633808696.8959601 0.0 41.79161859363388 23.93356108756504 -0.2638553613954623 1.59632067966077 -5315854.710596194 -1012860.061025784 633808696.8959601
634967622.6971377 634965722.65625 0.0 634965722.65625 7238.738124978664 1.0 634967622.6971377 0.0 -43.19576246341169 8.7592248861402 -0.6325236999277377 -1.537336190302381 5167437.338830155 -1983923.696433671 634967622.6971377
635856515.0612267 635854394.53125 0.0 635854394.53125 7530.574062144494 1.0 635856515.0612267 0.0 32.44926306306123 11.48398231382474 -0.4233692268829787 1.648898653210058 -4785435.536899176 -1594041.74324413 635856515.0612267
636205546.6181146 636208398.4375 0.0 636208398.4375 7251.308973891767 1.0 636205546.6181146 0.0 27.1956020647378 6.310391276669534 0.8272649666750529 0.5304987163729427 -3232873.196698237 3744387.232051988 636205546.6181146
636380946.0850123 636382226.5625 0.0 636382226.5625 5093.16245316886 1.0 636380946.0850123 0.0 20.59044185234933 -53.97676287234799 -1.053580907759328 0.5861369759348415 -3829259.308705743 -3486101.533986385 636380946.0850123
636816225.8711895 636817773.4375 0.0 636817773.4375 7899.912933593955 1.0 636816225.8711895 0.0 -11.87498347177399 -21.5281573850388 1.482255999905806 -0.2626555782890666 807563.1956907702 4687179.231221251 636816225.8711895
638761431.8166416 638759179.6875 0.0 638759179.6875 8010.578370218548 1.0 638761431.8166416 0.0 -23.22533403796093 16.04597772666018 -0.6335861235139287 -1.326174633716794 4425434.478134156 -1973856.627431106 638761431.8166416
