tolteca/scripts/kids_bin/reduced_zma
# %ECSV 1.0
# ---
# datatype:
# - {name: f_out, datatype: float64}
# - {name: f_in, datatype: float64}
# - {name: flag, datatype: float64}
# - {name: fp, datatype: float64}
# - {name: Qr, datatype: float64}
# - {name: Qc, datatype: float64}
# - {name: fr, datatype: float64}
# - {name: A, datatype: float64}
# - {name: normI, datatype: float64}
# - {name: normQ, datatype: float64}
# - {name: slopeI, datatype: float64}
# - {name: slopeQ, datatype: float64}
# - {name: interceptI, datatype: float64}
# - {name: interceptQ, datatype: float64}
# - {name: f_out_orig, datatype: float64}
# meta: !!omap
# - {Header.Toltec.AccumLen: 524288}
# - {Header.Toltec.ObsNum: 17112}
# - {Header.Toltec.RoachIndex: 9}
# - {Header.Toltec.ScanNum: 0}
# - {Header.Toltec.SubObsNum: 0}
# schema: astropy-2.0
f_out f_in flag fp Qr Qc fr A normI normQ slopeI slopeQ interceptI interceptQ f_out_orig
[from data line 356]
777612917.115746 777609277.34375 0.0 777609277.34375 7268.712591374566 1.0 777612917.115746 0.0 16.77355264748225 29.28446802435808 -1.616083001606542 0.2163434538503256 -866246.1044406438 -5054383.585272864 777612917.115746
779151289.6169863 779145410.15625 0.0 779145410.15625 6632.331875546687 1.0 779151289.6169863 0.0 22.60622546655145 29.38874238560411 -0.8610584026397966 1.637447246549014 -3976335.459081767 -2705616.189302271 779151289.6169863
779589441.3183289 779581445.3125 0.0 779581445.3125 6313.444306180416 1.0 779589441.3183289 0.0 36.59683782184452 -22.66868641627599 0.1340937217375334 -1.217196648574656 2082361.646634296 3228214.106576811 779589441.3183289
780909009.9848202 780914941.40625 0.0 780914941.40625 7484.199651685206 1.0 780909009.9848202 0.0 -18.82507345085354 3.036150707141699 -1.076025183933075 -1.056540607324685 3534484.892390139 -3087619.301226791 780909009.9848202
781742089.2215875 781741113.28125 0.0 781741113.28125 6596.307128961443 1.0 781742089.2215875 0.0 -1.189323095016251 34.36841257803093 -1.326648386646531 0.4658891129075095 -1349074.209654082 -4705376.303367488 781742089.2215875
784736561.094928 784736230.46875 0.0 784736230.46875 6182.683483345284 1.0 784736561.094928 0.0 -27.02327853381293 51.45758886830577 -1.449008235001405 0.389645464300815 1530813.666109642 -4278662.388961318 784736561.094928
785781703.3728943 785777734.375 0.0 785777734.375 7249.163663749879 1.0 785781703.3728943 0.0 26.23776390809732 -6.955243461648775 0.1307979905218188 1.443401017067262 -4448121.02173306 177693.7387352108 785781703.3728943
786346964.8170686 786335351.5625 0.0 786335351.5625 6224.617744298273 1.0 786346964.8170686 0.0 -4.550090502026481 27.88007575962472 -1.429070687796954 0.1766628295268007 -439222.8013969267 -4706396.311482045 786346964.8170686
787490796.6964394 787490136.71875 0.0 787490136.71875 6630.32980743463 1.0 787490796.6964394 0.0 39.73632684346249 -15.94627310042227 -0.2336614420159925 1.47070895565671 -4736774.885524649 -1635476.944034309 787490796.6964394
787800607.9061838 787800683.59375 0.0 787800683.59375 7664.151729266545 1.0 787800607.9061838 0.0 26.08546616911313 3.068409498275924 -0.8959444798889237 1.233798585904747 -3840489.593527155 -2608321.631781939 787800607.9061838
789364024.535938 789358789.0625 0.0 789358789.0625 6513.62511143121 1.0 789364024.535938 0.0 5.183541669491279 -38.26129506051552 1.401367971555013 -0.1105191065643245 -938126.2404277648 4527692.157384876 789364024.535938
789686555.5962703 789683984.375 0.0 789683984.375 7625.023530042397 1.0 789686555.5962703 0.0 -20.50089888948209 -11.93295844462737 1.29290703860321 -0.6073994428724316 1688718.36618606 3858723.336984219 789686555.5962703
790111094.3331566 790079980.46875 0.0 790079980.46875 3113.97821583015 1.0 790111094.3331566 0.0 11.95047997436862 119.5859188692718 -1.234084253342097 0.08193844378069032 -1397214.033705473 -3740108.899007091 790111094.3331566
790779467.2782708 790776757.8125 0.0 790776757.8125 6674.846959417509 1.0 790779467.2782708 0.0 -25.43217548004921 -64.24999037195306 1.463425286897414 -0.2295723151933563 500110.6789717457 4562245.82922232 790779467.2782708
791236819.7518394 791231835.9375 0.0 791231835.9375 7077.112566796305 1.0 791236819.7518394 0.0 -14.53604215545544 -26.21075470673575 1.538720242957118 0.05744440223640751 -264441.7424567195 4485771.121131597 791236819.7518394
792027426.7997767 792022363.28125 0.0 792022363.28125 5110.59362334812 1.0 792027426.7997767 0.0 121.9546904695499 13.6203689391125 0.2274781079012641 1.248600029162053 -4186783.700597848 532273.2982890774 792027426.7997767
792845643.8960383 792842675.78125 0.0 792842675.78125 6757.754412576807 1.0 792845643.8960383 0.0 -7.834095787272984 -32.57494795843475 1.459326616755349 -0.3664856384783246 657635.1119539313 4310671.298443003 792845643.8960383
793127763.4943386 793123925.78125 0.0 793123925.78125 6896.78069071733 1.0 793127763.4943386 0.0 34.51766527258664 11.10055960451703 -0.3345581022710584 1.574618306468332 -4423854.834169226 -295338.2912825062 793127763.4943386
793767178.3713862 793762109.375 0.0 793762109.375 7171.313950785126 1.0 793767178.3713862 0.0 -4.697694016033254 33.31255180947399 -1.463044489706262 -0.1190011603839945 1433538.085590818 -4313414.446909877 793767178.3713862
794013104.5527238 794008203.125 0.0 794008203.125 8250.155387762345 1.0 794013104.5527238 0.0 -14.2767539586445 16.74574155420087 -0.7060484100918888 -1.326136663406396 3023971.960999649 -2889797.63005448 794013104.5527238
796058078.8999369 796053613.28125 0.0 796053613.28125 7069.06976607375 1.0 796058078.8999369 0.0 -15.26389064549866 23.85648505046549 -0.7013512385958912 -1.342519639100488 4027834.950257199 -2247767.810415386 796058078.8999369
796618401.705522 796612695.3125 0.0 796612695.3125 5869.570316710396 1.0 796618401.705522 0.0 -33.94316932061164 -44.03353235932355 0.7464039935864877 -1.258409001623858 3861275.680984378 2574215.467912883 796618401.705522
797307544.4405515 797306542.96875 0.0 797306542.96875 6157.501754843218 1.0 797307544.4405515 0.0 20.22906734446902 21.26687699921386 -1.173279405786387 0.4387717627509337 -1264605.193728179 -4303143.123190237 797307544.4405515
798777096.9979751 798776757.8125 0.0 798776757.8125 5500.244654925846 1.0 798777096.9979751 0.0 38.33362223330811 1.797797777730076 -0.8844726601393956 1.062838739578556 -2581416.701713711 -3431993.391669795 798777096.9979751
799160423.0397599 799156640.625 0.0 799156640.625 6411.389775209337 1.0 799160423.0397599 0.0 -1.836762118322163 -65.06625398465388 1.370865844291496 -0.09590016177411449 253129.3971917245 4518070.391745379 799160423.0397599
799560676.3897038 799559960.9375 0.0 799559960.9375 6651.18195472472 1.0 799560676.3897038 0.0 -1.250964782816426 -30.14102257941243 1.404910998517695 0.6435870767688007 -1822489.619727543 4021517.797615257 799560676.3897038
799881012.8088269 799790429.6875 0.0 799790429.6875 3962.939268020448 1.0 799881012.8088269 0.0 13.05731684265432 96.92707020143548 -0.8687676707888976 1.055662669372017 -4157563.84678366 -939523.4256969964 799881012.8088269
801567059.4403476 801567285.15625 0.0 801567285.15625 6529.570502257432 1.0 801567059.4403476 0.0 -27.18333486028311 14.31427782197138 1.282718116365773 0.2984890361355818 620684.1538888954 4656425.324162358 801567059.4403476
803112936.897241 803113671.875 0.0 803113671.875 7963.664879355157 1.0 803112936.897241 0.0 -20.96870767443971 -0.2742971061474135 1.250686071782013 -0.750929875353157 1221506.697125924 4145900.283545644 803112936.897241
803414686.9792764 803411523.4375 0.0 803411523.4375 6456.089814727966 1.0 803414686.9792764 0.0 22.5935052276872 42.90639473429487 -1.394801181651083 -0.02108862376540646 -316259.9348090917 -4535674.820587758 803414686.9792764
804389648.7654922 804385156.25 0.0 804385156.25 6302.970475833989 1.0 804389648.7654922 0.0 21.04447657568976 43.09499684325298 -1.307543765070866 0.3778937905190825 -1000056.465807853 -4265860.62135186 804389648.7654922
805028782.551733 805023339.84375 0.0 805023339.84375 5546.12894464832 1.0 805028782.551733 0.0 34.89680399842104 -42.74366385800053 1.099247394563091 1.336367385828731 -4747442.690329256 1676932.982046883 805028782.551733
805252007.0389045 805250878.90625 0.0 805250878.90625 9364.7360586323 1.0 805252007.0389045 0.0 14.92301746877952 -0.7070632898808971 -0.7637194421265604 1.538774581188668 -3977459.038614591 -1003212.931101913 805252007.0389045
805715439.9070051 805710351.5625 0.0 805710351.5625 3953.033779833529 1.0 805715439.9070051 0.0 -80.64883915327123 -120.2938938658028 1.763367803368659 -0.5038041835534105 72868.26247284221 5032258.623778238 805715439.9070051
806625078.0897938 806622460.9375 0.0 806622460.9375 6774.168804500098 1.0 806625078.0897938 0.0 14.72229349157742 15.49301854288848 -1.452245822027443 0.2543682885306706 -653589.6402734285 -4233101.622222225 806625078.0897938
807025355.6782725 807018945.3125 0.0 807018945.3125 5833.310924491866 1.0 807025355.6782725 0.0 15.83253605301466 -51.85456257574357 1.591602999748525 -0.1990257531982977 506555.2416755927 4872849.783774452 807025355.6782725
807631586.403825 807627343.75 0.0 807627343.75 6380.369893845162 1.0 807631586.403825 0.0 35.00734410793889 -32.25739891770949 1.103937213566494 1.023226393026784 -3202980.805205495 3294388.159712733 807631586.403825
808032206.2925565 808031152.34375 0.0 808031152.34375 6270.042620054985 1.0 808032206.2925565 0.0 32.77176957394629 17.67177293682875 -0.3942854235079895 1.400423607027883 -4349846.953369046 -897399.9719929415 808032206.2925565
809362230.5229157 809362207.03125 0.0 809362207.03125 6834.255438468008 1.0 809362230.5229157 0.0 -15.12376308128496 29.3625316487175 -0.3077414545874388 0.9500921915835402 -3284105.947111066 -3029752.681084041 809362230.5229157
809570388.9921707 809574121.09375 0.0 809574121.09375 5284.885965735012 1.0 809570388.9921707 0.0 -36.98000840093186 -48.58591547970972 0.3379546771750041 1.2857666489219 -4777976.183195073 2603790.313266569 809570388.9921707
810000329.3529546 809994531.25 0.0 809994531.25 5083.361209728369 1.0 810000329.3529546 0.0 75.05514751832328 -57.96849253792035 1.04681346774966 1.162175970406982 -3258055.559230581 3139906.915406279 810000329.3529546
810864487.2369316 810859765.625 0.0 810859765.625 6965.218818621139 1.0 810864487.2369316 0.0 -17.21460781249609 -17.66175871220698 1.358497538667143 -0.3644801554406037 437448.2218656392 4037915.943151051 810864487.2369316
811267515.238231 811265039.0625 0.0 811265039.0625 4239.716941818056 1.0 811267515.238231 0.0 -12.87155314893858 118.3068124021492 -0.9885351643951998 -0.8927795258701107 4451134.245052221 -2234539.271367713 811267515.238231
812128249.9473783 812134179.6875 0.0 812134179.6875 6054.012817029201 1.0 812128249.9473783 0.0 -10.52468072683408 -26.0366291247124 1.206412205788258 -0.242049150024136 992869.044923722 3998426.84327676 812128249.9473783
813345909.8264912 813334375.0 0.0 813334375.0 3937.853631833288 1.0 813345909.8264912 0.0 90.70348608042192 33.96597459555473 0.162785936763864 0.9710318853439175 -4015703.937695064 1661171.64475856 813345909.8264912
813777218.8349158 813777734.375 0.0 813777734.375 6818.451248255967 1.0 813777218.8349158 0.0 16.77545784874836 21.2191703433057 -0.3960042405434275 1.472595083507336 -3969222.628640943 -996014.0569488879 813777218.8349158
814303035.474369 814297265.625 0.0 814297265.625 6009.490872735989 1.0 814303035.474369 0.0 64.52569236568867 23.02705594131021 -0.7903235130682685 0.9235010457700996 -3384897.104794159 -2690614.569590179 814303035.474369
815323751.7600534 815319726.5625 0.0 815319726.5625 6298.867371400553 1.0 815323751.7600534 0.0 27.80746224884548 -28.48476574547716 1.218442849909036 0.3122060205789924 -1257009.711436692 4009475.033596762 815323751.7600534
816284707.0593567 816276269.53125 0.0 816276269.53125 5661.341361283771 1.0 816284707.0593567 0.0 -7.921385639390666 -47.34341360074032 1.247457064711742 0.2229939274856109 -1125626.606720477 4071461.044733264 816284707.0593567
817293681.7287726 817290429.6875 0.0 817290429.6875 6176.771745630676 1.0 817293681.7287726 0.0 22.59567385704758 -45.40326695121173 0.6681550458291772 0.9791168972187043 -3409424.039792955 2526126.023130922 817293681.7287726
818383073.9372066 818370996.09375 0.0 818370996.09375 3829.350675203305 1.0 818383073.9372066 0.0 -125.95887033087 27.7500471099448 -0.1694346733903878 -1.603282137017727 4999946.220556018 707307.9713441572 818383073.9372066
819012937.1609651 818999902.34375 0.0 818999902.34375 6471.833780460198 1.0 819012937.1609651 0.0 -9.398686873675464 -20.67808555188231 1.22576830619211 -0.247366470971167 1075491.194445405 3934947.524531414 819012937.1609651
821644230.2320935 821645898.4375 0.0 821645898.4375 6451.321200910654 1.0 821644230.2320935 0.0 7.943497975880036 -27.09935609113801 0.8369407262638658 0.6690903705443587 -2283284.23396069 3049342.258227141 821644230.2320935
823226677.1509225 823219628.90625 0.0 823219628.90625 6139.153276670552 1.0 823226677.1509225 0.0 -42.44690406004765 -24.73600600969187 0.9924983279177632 -0.8818561777480617 2720404.27820133 3405765.527803871 823226677.1509225
823829521.8531911 823819726.5625 0.0 823819726.5625 6099.623933549614 1.0 823829521.8531911 0.0 4.227795369875423 38.77054696496387 -1.274073256038496 0.5888690599562444 -1382325.676307719 -3984888.310127309 823829521.8531911
824213590.8354629 824207910.15625 0.0 824207910.15625 5772.645963790744 1.0 824213590.8354629 0.0 -19.69396245144529 50.00550731908033 -1.357767700151671 0.002365517951473397 -342034.189911596 -4434747.38834733 824213590.8354629
824970904.6243742 824953515.625 0.0 824953515.625 3592.367875136453 1.0 824970904.6243742 0.0 28.2311753906567 -30.18604043885341 -0.7958044290209857 -0.7916764080278064 3033384.684356659 -2852908.687817083 824970904.6243742
826294789.2101504 826288476.5625 0.0 826288476.5625 9300.949036323163 1.0 826294789.2101504 0.0 -21.41038262280099 12.75652557390913 -1.011880979685737 -0.1872485870811669 -2031855.243669803 -4240567.917271624 826294789.2101504
826294968.9413517 826289453.125 0.0 826289453.125 9260.88599767589 1.0 826294968.9413517 0.0 -4.623562674130357 24.38012983470505 -0.8298606585239171 0.6361674986380388 -4504478.485768653 -1376294.277165956 826294968.9413517
826885344.2170441 826872460.9375 0.0 826872460.9375 5932.719661617705 1.0 826885344.2170441 0.0 -6.717110082578498 -41.22994616484216 1.246591180375868 -0.09943235590147945 317431.8329015664 4127578.062503764 826885344.2170441
828423271.8475639 828419335.9375 0.0 828419335.9375 4382.31621926603 1.0 828423271.8475639 0.0 22.3171368865587 10.48588580149603 0.3608547843229593 -1.121061451637116 3872375.146310365 1606472.2835914 828423271.8475639
829405863.6088549 829397851.5625 0.0 829397851.5625 7949.529812832121 1.0 829405863.6088549 0.0 21.86829724812617 -4.358620732206863 1.056777374544749 1.070757397752629 -3855835.457228646 1559216.907271304 829405863.6088549
829600444.7749863 829593164.0625 0.0 829593164.0625 9175.688595147794 1.0 829600444.7749863 0.0 4.289226053599566 -14.33485456249018 0.9336995367726862 -0.1991018024148784 2389046.785281821 2704114.911157825 829600444.7749863
830144556.2404764 830133691.40625 0.0 830133691.40625 6361.754714979059 1.0 830144556.2404764 0.0 -8.629043718875012 -27.14247596418783 0.7270340655194164 -1.066707245389798 2892025.393073474 2614231.449875475 830144556.2404764
830460689.4363486 830452050.78125 0.0 830452050.78125 7397.443810753864 1.0 830460689.4363486 0.0 -24.00910631954938 -6.845611791552581 0.1104770210474223 -1.151505642257109 3832523.616991317 -344492.3710237279 830460689.4363486
831940867.2967362 831923730.46875 0.0 831923730.46875 7790.182435311754 1.0 831940867.2967362 0.0 -22.38688269127424 8.94890037698851 -1.248821185407845 -0.02440823295996357 1719354.268821348 -3633235.978048143 831940867.2967362
832164334.3665304 832142968.75 0.0 832142968.75 9845.388324223464 1.0 832164334.3665304 0.0 5.796538165981055 4.615264965431393 -0.7836824861397499 -0.07061663519489919 -1232897.783166702 -2977216.273358215 832164334.3665304
833152713.2690147 833147851.5625 0.0 833147851.5625 6345.791712990726 1.0 833152713.2690147 0.0 -9.557705577916195 29.74794635224464 -0.8357371028948012 -0.6888140561523529 2591982.016193334 -2316409.128924842 833152713.2690147
833568347.2878646 833563378.90625 0.0 833563378.90625 5735.540275441118 1.0 833568347.2878646 0.0 55.01647113724658 41.57945727199908 -1.032840338186065 0.6284734235671804 -1903289.952148877 -3595971.994398097 833568347.2878646
835478027.4354416 835465722.65625 0.0 835465722.65625 6824.861514938611 1.0 835478027.4354416 0.0 -32.05092976100271 -0.3125670392524322 -0.9238858422238408 -0.5624818036460182 2970935.627670817 -2315640.950548686 835478027.4354416
