tolteca/scripts/kids_bin/reduced_zma
# %ECSV 1.0
# ---
# datatype:
# - {name: f_out, datatype: float64}
# - {name: f_in, datatype: float64}
# - {name: flag, datatype: float64}
# - {name: fp, datatype: float64}
# - {name: Qr, datatype: float64}
# - {name: Qc, datatype: float64}
# - {name: fr, datatype: float64}
# - {name: A, datatype: float64}
# - {name: normI, datatype: float64}
# - {name: normQ, datatype: float64}
# - {name: slopeI, datatype: float64}
# - {name: slopeQ, datatype: float64}
# - {name: interceptI, datatype: float64}
# - {name: interceptQ, datatype: float64}
# - {name: f_out_orig, datatype: float64}
# meta: !!omap
# - {Header.Toltec.AccumLen: 524288}
# - {Header.Toltec.ObsNum: 17112}
# - {Header.Toltec.RoachIndex: 9}
# - {Header.Toltec.ScanNum: 0}
# - {Header.Toltec.SubObsNum: 0}
# schema: astropy-2.0
f_out f_in flag fp Qr Qc fr A normI normQ slopeI slopeQ interceptI interceptQ f_out_orig
[from data line 427]
837116122.3591553 837119042.96875 0.0 837119042.96875 6373.881194300178 1.0 837116122.3591553 0.0 -12.16339877774162 17.77883908254774 -0.6106085074051681 -0.739874405232095 2674932.480837521 -2174821.199939897 837116122.3591553
837847229.3969313 837876367.1875 0.0 837876367.1875 7245.061461021989 1.0 837847229.3969313 0.0 -2.567116276936301 -12.99998689313353 0.7997503182514969 -0.366534338137547 1520782.107311128 2892583.299405651 837847229.3969313
839030968.4381677 839023828.125 0.0 839023828.125 6068.542434159909 1.0 839030968.4381677 0.0 4.581214679953183 35.89327154083013 -0.9275996563387711 -0.3395574036506373 1417669.415831384 -3387008.548863501 839030968.4381677
840204211.5569826 840196191.40625 0.0 840196191.40625 6191.714765540489 1.0 840204211.5569826 0.0 -6.448354805512909 11.75040948851467 -0.4603528303048965 -0.7085953961043706 2689000.43154377 -1707921.110270497 840204211.5569826
841647778.7285943 841638574.21875 0.0 841638574.21875 2905.793084947336 1.0 841647778.7285943 0.0 -33.45570571602434 33.5898604852183 0.8258003030392691 0.4808498695905437 -2244995.367760331 2995066.840169713 841647778.7285943
842048551.2108011 842042382.8125 0.0 842042382.8125 5854.394887274282 1.0 842048551.2108011 0.0 17.16269424369835 -40.76898266107402 1.089970208176672 -0.03370189641345236 -74330.22008182733 3889403.524015357 842048551.2108011
842569450.9329892 842582421.875 0.0 842582421.875 5783.455115470273 1.0 842569450.9329892 0.0 -17.96517573851452 -7.412110590346095 -0.4208967225696982 -0.7823095272321238 2809780.259343982 -1712839.611567133 842569450.9329892
843272380.9378456 843265039.0625 0.0 843265039.0625 3900.273295796856 1.0 843272380.9378456 0.0 -13.08283516453389 -17.41534144440471 -0.5522967791869504 0.4566247434450631 -1829517.122547267 -2245478.96591447 843272380.9378456
843729738.2115014 843724511.71875 0.0 843724511.71875 4210.137987207248 1.0 843729738.2115014 0.0 -18.17710982008098 24.65554927352041 0.9111823516953639 0.5102301921225747 -2196170.188933766 3711165.041893011 843729738.2115014
844943249.762396 844939843.75 0.0 844939843.75 2843.29440403677 1.0 844943249.762396 0.0 -95.48588532037321 -33.30913138990898 -0.2573239733181822 -0.04719849003265354 -83672.82101670852 -3458824.529599406 844943249.762396
845129559.4603015 845126855.46875 0.0 845126855.46875 4977.804552382309 1.0 845129559.4603015 0.0 -25.43320522852689 -31.46935832957997 0.4511283752446843 0.25100795992052 -1627928.977608957 2734128.065232381 845129559.4603015
845553713.3735644 845549707.03125 0.0 845549707.03125 3817.263534758196 1.0 845553713.3735644 0.0 29.40402845145917 11.42058802427315 0.346562550317481 -0.8367050321263079 3235360.66821209 1102042.580692212 845553713.3735644
846706592.4520677 846699121.09375 0.0 846699121.09375 7982.048502955065 1.0 846706592.4520677 0.0 17.19474277389674 6.730055089603485 -0.369163661668694 0.5891935063662145 -2233604.068112575 -2637351.854620777 846706592.4520677
846912762.9516822 846919824.21875 0.0 846919824.21875 8209.949424135484 1.0 846912762.9516822 0.0 1.28592202816308 13.79107796101885 0.7137931997444062 -1.001784697452988 3553761.347465219 1003218.460955979 846912762.9516822
848546394.385864 848541406.25 0.0 848541406.25 4678.04445931977 1.0 848546394.385864 0.0 10.33820864947567 19.21531445298164 0.9002478771806741 -0.6087803890650791 1912489.376134989 3246997.962752117 848546394.385864
848929181.9226121 848931542.96875 0.0 848931542.96875 5789.177607406283 1.0 848929181.9226121 0.0 -21.59205841667525 14.43559453919875 -0.9195649207579955 -0.3615347390168283 1274274.202959201 -3340361.519672481 848929181.9226121
849530112.1510842 849519433.59375 0.0 849519433.59375 5984.453228406475 1.0 849530112.1510842 0.0 -41.74818510389548 -33.35082503130772 0.0476026385926143 -1.166897253880984 4354525.257655153 129191.4358937596 849530112.1510842
850988979.7477376 850981835.9375 0.0 850981835.9375 3908.429740444649 1.0 850988979.7477376 0.0 -10.18738662331604 -27.51825129151395 -0.7176172717948917 0.3688161287179854 -1556962.324261488 -2928155.960867092 850988979.7477376
851618605.9658488 851643945.3125 0.0 851643945.3125 7577.433807310725 1.0 851618605.9658488 0.0 -13.58595247370771 -1.158153758624681 0.8368537144542061 -0.04789868130326744 198456.7164300516 3193263.853174615 851618605.9658488
853057743.0397036 853058007.8125 0.0 853058007.8125 7360.9277565881 1.0 853057743.0397036 0.0 3.923314783251672 -11.97045734836725 0.45354100715455 -0.7516255476437601 2042739.227117874 2624063.749562223 853057743.0397036
853287489.7263567 853283105.46875 0.0 853283105.46875 7975.611661061479 1.0 853287489.7263567 0.0 -6.47690177186259 11.44918874355613 0.3401170712748652 -0.7890252756982958 3348641.274434779 -113981.2565842458 853287489.7263567
856861225.0448331 856846093.75 0.0 856846093.75 3101.666583351219 1.0 856861225.0448331 0.0 16.72832855243412 23.1787574081061 0.5339559977383697 -0.4314662233070424 1607444.713543211 2087955.396585924 856861225.0448331
857447627.6355419 857435449.21875 0.0 857435449.21875 4847.52304328103 1.0 857447627.6355419 0.0 7.929982140283504 -40.71292680934655 0.2632532842338247 -0.9490289552986932 4640380.59629674 1397872.58687727 857447627.6355419
857447898.4394958 857435937.5 0.0 857435937.5 4804.381041479549 1.0 857447898.4394958 0.0 -11.56340881370813 -40.74946084541235 -0.2083041783888309 -0.9922312177720145 4921675.340873532 -873636.7376217728 857447898.4394958
859526269.53125 859526269.53125 384.0 859526269.53125 402515.265283046 1.0 859742006.7233748 0.0 -4.673951952695727 -9.833074246074808 0.7922968523319877 -0.4963388383861443 1665053.704766679 3053927.428091075 859526269.53125
859997590.6723448 859992089.84375 0.0 859992089.84375 5673.94531402435 1.0 859997590.6723448 0.0 67.80903363338085 -2.770947267633822 0.4462723204946946 1.334420125928013 -4723380.811453582 1574974.344487844 859997590.6723448
860592080.7838525 860575097.65625 0.0 860575097.65625 3301.031970608289 1.0 860592080.7838525 0.0 11.72319388661186 26.41354947720689 0.7225297601762007 -0.2238726789107336 925844.1673538451 2619659.431610418 860592080.7838525
861737721.7345899 861715234.375 0.0 861715234.375 6228.901903106419 1.0 861737721.7345899 0.0 -33.13370665285048 7.717152290331456 -0.6832509744435316 -1.07642482537418 4070281.651186321 -2200022.737364911 861737721.7345899
862610175.0274502 862602441.40625 0.0 862602441.40625 3758.830482537836 1.0 862610175.0274502 0.0 25.11546764916157 -17.74803242753814 -0.6453761114912977 -0.8079034724152578 3085537.126644653 -2267565.852451307 862610175.0274502
864119079.3599114 864111718.75 0.0 864111718.75 3968.636937570824 1.0 864119079.3599114 0.0 -14.78359761135082 10.80143012701386 0.6392411923501067 0.5427465203309554 -2058479.076035519 1831193.784566151 864119079.3599114
864475339.32829 864475000.0 0.0 864475000.0 3530.551440914489 1.0 864475339.32829 0.0 60.22303619488371 -37.20887713214397 -0.6989454150779296 -0.9168274007774537 4586093.461206916 -351445.913459146 864475339.32829
864711938.6513582 864702050.78125 0.0 864702050.78125 6266.92384520539 1.0 864711938.6513582 0.0 -15.98724156042699 -41.52704914842419 1.052266569271686 0.08891051005336181 -586390.6181630398 4472901.147113639 864711938.6513582
865176648.9845062 865158593.75 0.0 865158593.75 6210.979940775167 1.0 865176648.9845062 0.0 -18.67518812408814 -18.39904336336308 1.187809595531511 -0.9935730922545436 2696516.483507416 3487533.165073649 865176648.9845062
865730177.1579641 865725976.5625 0.0 865725976.5625 5656.464571815178 1.0 865730177.1579641 0.0 -67.05767857770152 -1.054547196571595 -0.2454930957243062 -1.529618757948589 5098840.562216093 -632592.4573566661 865730177.1579641
866574108.1362156 866562402.34375 0.0 866562402.34375 3963.171670749814 1.0 866574108.1362156 0.0 -20.84222580205813 -0.2888125028177078 0.0348389742780799 0.8111695333154186 -2892066.110838686 -115118.6698747643 866574108.1362156
867328879.2757456 867324609.375 0.0 867324609.375 6933.700411831664 1.0 867328879.2757456 0.0 14.68119354313646 -1.0425412218974 -0.9940852644941102 -0.9502513215482524 3713070.691506438 -2963073.35474837 867328879.2757456
868313381.3334396 868289941.40625 0.0 868289941.40625 8416.530240765109 1.0 868313381.3334396 0.0 5.533097399685564 -2.910712649501688 0.893517239018432 0.4682432631508766 -1938233.62963154 2647197.913684411 868313381.3334396
870000654.6585933 869992578.125 0.0 869992578.125 6178.154988518771 1.0 870000654.6585933 0.0 27.23897597404563 22.93149532260662 -0.8768662476032069 0.5137887450059125 -1847794.060079893 -2877226.306376366 870000654.6585933
871901482.939795 871895410.15625 0.0 871895410.15625 6176.846936110356 1.0 871901482.939795 0.0 -22.00130454678351 15.041980912921 0.2498143747556731 -0.9458283524418483 3621594.479104077 1129000.057310927 871901482.939795
873071447.0986181 873058496.09375 0.0 873058496.09375 7282.071184834062 1.0 873071447.0986181 0.0 -4.752614358515162 -4.560280454823778 -0.5952965994246883 -0.7391141110208682 2812103.922825275 -1511172.296673764 873071447.0986181
875214238.8667011 875210351.5625 0.0 875210351.5625 4530.599652041538 1.0 875214238.8667011 0.0 0.2652318627310259 32.42827427634145 0.9358030395601901 -0.07677026949968033 -91545.07038248406 3802728.171299393 875214238.8667011
876922754.4497058 876917871.09375 0.0 876917871.09375 6274.31504995644 1.0 876922754.4497058 0.0 13.34538638345126 6.073101551265928 -0.7194814090703905 0.431430570091288 -1003820.623635332 -2830547.911454789 876922754.4497058
877267914.2998102 877253320.3125 0.0 877253320.3125 5703.998976749224 1.0 877267914.2998102 0.0 -24.55167541180152 1.431643573918089 0.4565989996345975 -0.7873557636191604 2738736.104662761 1623851.103265974 877267914.2998102
877897201.1275109 877883203.125 0.0 877883203.125 4476.148192001568 1.0 877897201.1275109 0.0 1.782049447539355 12.08077900041879 0.5327384982397603 -0.08775237142536307 129114.362273568 2021237.36395534 877897201.1275109
878841024.0849535 878825097.65625 0.0 878825097.65625 1709.517668160388 1.0 878841024.0849535 0.0 -116.1813274601293 -110.1851657321281 -0.02345830328083734 0.2745926060466362 -1442946.795938902 -1903901.681917789 878841024.0849535
879118013.0599536 879107324.21875 0.0 879107324.21875 5780.645409303337 1.0 879118013.0599536 0.0 28.9857583358989 -6.335680552881747 -0.2725786442078994 0.7922756666091624 -2939186.344367781 -1293474.466490258 879118013.0599536
880077363.0382143 880063867.1875 0.0 880063867.1875 7212.667033226197 1.0 880077363.0382143 0.0 -0.0401733762276198 14.34836029663461 0.06167769416430165 0.7903235849251722 -2649520.042337195 -719269.773105162 880077363.0382143
880493594.464425 880490136.71875 0.0 880490136.71875 5408.381956797563 1.0 880493594.464425 0.0 39.71631057483617 -23.55183342061374 0.7760102263319515 -0.06946449564256249 1468978.702385296 2593372.786681517 880493594.464425
883459873.4245785 883454492.1875 0.0 883454492.1875 6250.849331953351 1.0 883459873.4245785 0.0 -1.626103255472793 -15.59130432924986 0.4864946027642533 0.5328229139142018 -2079172.538392073 1847620.683223814 883459873.4245785
886109512.5645802 886133203.125 0.0 886133203.125 5404.675995885109 1.0 886109512.5645802 0.0 -10.70851307199745 15.82080902920557 -0.6248089399153659 0.2611239336250174 -1258568.046209971 -2524729.061396356 886109512.5645802
888238732.8549433 888222070.3125 0.0 888222070.3125 6345.73305103942 1.0 888238732.8549433 0.0 2.025377627779505 -28.57351123346288 0.5064840229464438 -0.6303747786225128 2445548.687482684 2161855.772424621 888238732.8549433
891571033.3852704 891551171.875 0.0 891551171.875 6203.64011764786 1.0 891571033.3852704 0.0 -21.62582651625708 -10.02761105825623 -0.2702009961559869 -0.887858133783113 3058338.590966871 -817930.8884661753 891571033.3852704
892039451.0499665 892028222.65625 0.0 892028222.65625 6328.298385358887 1.0 892039451.0499665 0.0 19.41307119210974 5.024396368204569 0.3821434176930212 0.7768699256106094 -2606076.199071983 1477929.399878224 892039451.0499665
892780005.723579 892764062.5 0.0 892764062.5 4821.394130065484 1.0 892780005.723579 0.0 63.49309695505874 3.856141209068546 0.09946966779008812 1.050364971191977 -3384004.043218808 689236.1103411751 892780005.723579
894722595.4318063 894715722.65625 0.0 894715722.65625 6043.11868592351 1.0 894722595.4318063 0.0 -29.10553733539229 -36.87162763567465 0.2036027567452532 -1.289763565439583 4060680.666435109 803448.393907999 894722595.4318063
895167603.6512322 895165429.6875 0.0 895165429.6875 5464.192728187758 1.0 895167603.6512322 0.0 -41.03241218267451 37.71934674077037 -0.9512068469118384 -0.8822711890424887 2241278.581653529 -2996175.524822081 895167603.6512322
895541355.3234658 895529199.21875 0.0 895529199.21875 6137.379900616858 1.0 895541355.3234658 0.0 -26.22999553990227 -40.18258711833502 0.3327398361411895 -1.303654280976955 4167633.793831836 231358.5419142422 895541355.3234658
896140272.3998809 896111230.46875 0.0 896111230.46875 6307.97034127058 1.0 896140272.3998809 0.0 -8.527196333813214 7.258823544532124 0.3212359733341854 -0.8836277911323882 2845429.281744303 814302.8114115736 896140272.3998809
896730110.391686 896709863.28125 0.0 896709863.28125 4328.391787100767 1.0 896730110.391686 0.0 -49.90858990027638 -70.06603308894785 0.2524774021509784 -0.8464275626115461 3859155.119253386 171379.4203465489 896730110.391686
898551978.2834821 898535058.59375 0.0 898535058.59375 5695.925037314411 1.0 898551978.2834821 0.0 -27.04469974274354 23.03767171263711 -1.076885814260141 -0.5171662316309199 1945038.94019251 -3716056.98236544 898551978.2834821
899215703.3164607 899238183.59375 0.0 899238183.59375 8807.137915769987 1.0 899215703.3164607 0.0 -3.046940560936759 2.305732749711009 -0.04122286786148573 -0.9704131814954307 3076569.463421979 -599597.1620906572 899215703.3164607
901875850.73881 901864648.4375 0.0 901864648.4375 3886.606207415932 1.0 901875850.73881 0.0 22.48410444575727 4.787954024262253 0.08438679306702387 -0.8168624518731961 2748566.407568041 386428.8407896954 901875850.73881
902609383.6948274 902605371.09375 0.0 902605371.09375 3905.417750235367 1.0 902609383.6948274 0.0 -88.79755180624903 -123.1892548641903 1.076174978301111 -1.310356536189766 3365006.585853719 3158793.197656327 902609383.6948274
903052346.0708417 903044824.21875 0.0 903044824.21875 4735.375301973104 1.0 903052346.0708417 0.0 -35.43139559309031 123.5365414145136 -1.692963239140345 -0.2603519531438062 90362.63248366585 -4988832.133362916 903052346.0708417
904109637.4121175 904135644.53125 0.0 904135644.53125 6503.295358627327 1.0 904109637.4121175 0.0 -19.71005381158615 3.540927176314538 -0.5679760736318475 -1.101579571040415 3384923.794345108 -2037801.38847156 904109637.4121175
906544513.242929 906522363.28125 0.0 906522363.28125 5753.266495963902 1.0 906544513.242929 0.0 9.24050266288899 -32.175593722846 1.13454747564283 0.5148243979305865 -2177329.051258437 3537950.410573478 906544513.242929
908178886.4972639 908174218.75 0.0 908174218.75 5425.117010571868 1.0 908178886.4972639 0.0 58.73798179510227 26.64388483960816 -0.6269072366763975 1.043511567986749 -3477569.136895647 -2551604.984423775 908178886.4972639
910130930.1309769 910160546.875 0.0 910160546.875 8196.96398545733 1.0 910130930.1309769 0.0 6.230190855702889 11.11014690361785 -0.9473149170977553 0.4516372097596287 -1516061.003376129 -3290445.077599796 910130930.1309769
911154316.1905158 911200097.65625 0.0 911200097.65625 10957.12583670756 1.0 911154316.1905158 0.0 1.84828733645831 4.48396042401157 -0.6877126087657612 0.6916053394480348 -2079391.524202673 -2542217.091540642 911154316.1905158
911857417.9313048 911873925.78125 0.0 911873925.78125 6828.29956918577 1.0 911857417.9313048 0.0 19.87176130048995 2.9302519250334 -0.440549178422476 0.8955444834926556 -2623500.623072004 -1980224.993025557 911857417.9313048
